1738653324.026868, 0, 0
1738653324.0328476, 0, 0
1738653324.0396214, 0, 0
1738653324.0452032, 0, 0
1738653324.0515223, 0, 0
1738653324.0583181, 0, 0
1738653324.0640957, 0, 0
1738653324.0704136, 0, 0
1738653324.0779614, 0, 0
1738653324.0836298, 0, 0
1738653324.090159, 0, 0
1738653324.0957386, 0, 0
1738653324.1020262, 0, 0
1738653324.108659, 0, 0
1738653324.1144238, 0, 0
1738653324.1207833, 0, 0
1738653324.1283789, 0, 0
1738653324.1341834, 0, 0
1738653324.1404848, 0, 0
1738653324.1468701, 0, 0
1738653324.1528177, 0, 0
1738653324.1595807, 0, 0
1738653324.1649427, 0, 0
1738653324.1714616, 0, 0
1738653324.1786985, 0, 0
1738653324.1844685, 0, 0
1738653324.1909301, 0, 0
1738653324.197764, 0, 0
1738653324.2032478, 0, 0
1738653324.2099326, 0, 0
1738653324.2155235, 0, 0
1738653324.2218494, 0, 0
1738653324.229533, 0, 0
1738653324.2348902, 0, 0
1738653324.2414021, 0, 0
1738653324.2479866, 0, 0
1738653324.2536623, 0, 0
1738653324.2600198, 0, 0
1738653324.2656136, 0, 0
1738653324.2737074, 0, 0
1738653324.28087, 0, 0
1738653324.2878573, 0, 0
1738653324.293455, 0, 0
1738653324.3067937, 0, 0
1738653324.312703, 0, 0
1738653324.319716, 0, 0
1738653324.325306, 0, 0
1738653324.332851, 0, 0
1738653324.339629, 0, 0
1738653324.3449752, 0, 0
1738653324.351512, 0, 0
1738653324.3581374, 0, 0
1738653324.3638263, 0, 0
1738653324.3701806, 0, 0
1738653324.3757842, 0, 0
1738653324.3833508, 0, 0
1738653324.389966, 0, 0
1738653324.3955624, 0, 0
1738653324.401956, 0, 0
1738653324.4085276, 0, 0
1738653324.4142423, 0, 0
1738653324.4205258, 0, 0
1738653324.426917, 0, 0
1738653324.4338958, 0, 0
1738653324.4402041, 0, 0
1738653324.4458077, 0, 0
1738653324.452432, 0, 0
1738653324.4588454, 0, 0
1738653324.4646142, 0, 0
1738653324.4709325, 0, 0
1738653324.4777234, 0, 0
1738653324.4842942, 0, 0
1738653324.4906063, 0, 0
1738653324.4973028, 0, 0
1738653324.502739, 0, 0
1738653324.5096397, 0, 0
1738653324.514979, 0, 0
1738653324.521532, 0, 0
1738653324.5280888, 0, 0
1738653324.5345888, 0, 0
1738653324.5409005, 0, 0
1738653324.5477302, 0, 0
1738653324.5532405, 0, 0
1738653324.5604327, 0, 0
1738653324.5668094, 0, 0
1738653324.5727456, 0, 0
1738653324.5796566, 0, 0
1738653324.5868814, 0, 0
1738653324.5926251, 0, 0
1738653324.5994184, 0, 0
1738653324.6047695, 0, 0
1738653324.611301, 0, 0
1738653324.6178818, 0, 0
1738653324.6234646, 0, 0
1738653324.6300585, 0, 0
1738653324.6375656, 0, 0
1738653324.6428814, 0, 0
1738653324.6496172, 0, 0
1738653324.6549432, 0, 0
1738653324.6614625, 0, 0
1738653324.6680212, 0, 0
1738653324.6736708, 0, 0
1738653324.680058, 0, 0
1738653324.6877139, 0, 0
1738653324.6932619, 0, 0
1738653324.7055223, 0, 0
1738653324.7122571, 0, 0
1738653324.7189295, 0, 0
1738653324.7246552, 0, 0
1738653324.731364, 0, 0
1738653324.738691, 0, 0
1738653324.7444055, 0, 0
1738653324.750835, 0, 0
1738653324.7576957, 0, 0
1738653324.7629364, 0, 0
1738653324.7696345, 0, 0
1738653324.7749715, 0, 0
1738653324.7814846, 0, 0
1738653324.7889407, 0, 0
1738653324.7946472, 0, 0
1738653324.8009508, 0, 0
1738653324.807906, 0, 0
1738653324.81356, 0, 0
1738653324.8200266, 0, 0
1738653324.8256364, 0, 0
1738653324.8387501, 0, 0
1738653324.850354, 0, 0
1738653324.8575644, 0, 0
1738653324.8628552, 0, 0
1738653324.8697796, 0, 0
1738653324.8753357, 0, 0
1738653324.8816187, 0, 0
1738653324.8888342, 0, 0
1738653324.8945773, 0, 0
1738653324.90093, 0, 0
1738653324.9077291, 0, 0
1738653324.912947, 0, 0
1738653324.919691, 0, 0
1738653324.9253004, 0, 0
1738653324.9317942, 0, 0
1738653324.9394383, 0, 0
1738653324.9448233, 0, 0
1738653324.9513433, 0, 0
1738653324.957881, 0, 0
1738653324.9634771, 0, 0
1738653324.9701061, 0, 0
1738653324.9758263, 0, 0
1738653324.9822776, 0, 0
1738653324.9900517, 0, 0
1738653324.9956877, 0, 0
1738653325.0019815, 0, 0
