1738653348.0917392, 0, 0
1738653348.0996478, 0, 0
1738653348.1052437, 0, 0
1738653348.1116886, 1, 7
1738653348.11838, 2, 46
1738653348.124191, 2, 12
1738653348.1305244, 4, 70
1738653348.1369565, 5, 154
1738653348.1426885, 6, 175
1738653348.150609, 8, 192
1738653348.1573124, 10, 231
1738653348.1627936, 12, 260
1738653348.169638, 14, 282
1738653348.175267, 16, 294
1738653348.181613, 18, 313
1738653348.1884325, 20, 342
1738653348.1942246, 22, 364
1738653348.201624, 26, 380
1738653348.2084537, 28, 397
1738653348.214237, 31, 411
1738653348.220576, 33, 421
1738653348.2272875, 36, 434
1738653348.232785, 38, 444
1738653348.2396393, 42, 450
1738653348.2452648, 46, 471
1738653348.2525597, 48, 484
1738653348.2594163, 52, 498
1738653348.2648265, 54, 507
1738653348.271595, 58, 508
1738653348.2782316, 62, 519
1738653348.2840273, 65, 523
1738653348.29037, 68, 533
1738653348.2967992, 72, 545
1738653348.303835, 76, 555
1738653348.310248, 80, 560
1738653348.316278, 83, 564
1738653348.3224902, 86, 566
1738653348.3294644, 91, 569
1738653348.3348956, 93, 577
1738653348.341648, 98, 589
1738653348.3493814, 102, 596
1738653348.354933, 106, 595
1738653348.361556, 110, 592
1738653348.3748307, 117, 603
1738653348.3816066, 122, 608
1738653348.3885412, 126, 616
1738653348.3943517, 130, 617
1738653348.4018602, 134, 616
1738653348.4085565, 138, 615
1738653348.4143572, 142, 622
1738653348.4207215, 146, 628
1738653348.427647, 150, 634
1738653348.43298, 154, 635
1738653348.439861, 158, 628
1738653348.4455664, 162, 628
1738653348.4534194, 168, 635
1738653348.4599245, 172, 646
1738653348.4655967, 175, 644
1738653348.4723094, 179, 640
1738653348.4789052, 184, 640
1738653348.4847102, 186, 636
1738653348.4912915, 192, 644
1738653348.4979618, 196, 653
1738653348.5045485, 200, 649
1738653348.511378, 205, 648
1738653348.5180311, 209, 644
1738653348.523721, 212, 644
1738653348.5301397, 216, 652
1738653348.5358284, 220, 656
1738653348.5423958, 224, 659
1738653348.5488849, 228, 652
1738653348.55726, 234, 651
1738653348.5627706, 238, 653
1738653348.569806, 243, 657
1738653348.5754838, 247, 663
1738653348.581858, 251, 658
1738653348.5885432, 254, 656
1738653348.5943544, 258, 653
1738653348.6008673, 264, 658
1738653348.6085517, 268, 661
1738653348.6143484, 272, 658
1738653348.6207142, 276, 659
1738653348.6277943, 280, 657
1738653348.6334112, 285, 657
1738653348.63993, 289, 662
1738653348.645579, 293, 663
1738653348.652, 297, 665
1738653348.6598003, 302, 657
1738653348.6654613, 306, 655
1738653348.6718636, 310, 661
1738653348.678536, 314, 668
1738653348.6843414, 318, 668
1738653348.690862, 324, 661
1738653348.6977546, 326, 660
1738653348.7041855, 331, 659
1738653348.7106085, 336, 665
1738653348.7173665, 340, 667
1738653348.722896, 344, 667
1738653348.7298348, 348, 662
1738653348.735539, 352, 661
1738653348.7419345, 356, 662
1738653348.748752, 360, 665
1738653348.7555854, 364, 666
1738653348.7620068, 370, 666
1738653348.7746973, 378, 661
1738653348.781481, 383, 664
1738653348.7883434, 387, 670
1738653348.7941644, 391, 669
1738653348.8006153, 395, 665
1738653348.808523, 400, 659
1738653348.8143165, 404, 663
1738653348.8206818, 408, 667
1738653348.8273962, 412, 669
1738653348.8355854, 418, 667
1738653348.842015, 423, 661
1738653348.8486128, 427, 659
1738653348.8548656, 431, 664
1738653348.8627617, 436, 669
1738653348.8697636, 442, 669
1738653348.8754315, 446, 661
1738653348.8817995, 450, 660
1738653348.8885176, 454, 663
1738653348.8942738, 458, 667
1738653348.9006553, 462, 673
1738653348.9083514, 466, 667
1738653348.9141698, 471, 662
1738653348.920531, 475, 660
1738653348.9272647, 479, 666
1738653348.932951, 484, 671
1738653348.9397686, 488, 670
1738653348.945447, 492, 666
1738653348.9518664, 496, 659
1738653348.959666, 500, 663
1738653348.965345, 506, 667
1738653348.9716735, 510, 671
1738653348.9783738, 514, 666
1738653348.9841383, 518, 661
1738653348.9906707, 522, 664
1738653348.9976096, 526, 663
1738653349.002957, 531, 666
1738653349.0105946, 535, 670
1738653349.0173194, 539, 665
1738653349.0228417, 543, 663
1738653349.0296688, 548, 661
1738653349.0353084, 552, 665
1738653349.0416884, 556, 674
1738653349.0485103, 560, 669
1738653349.054293, 564, 664
1738653349.0616894, 568, 662
1738653349.0684013, 574, 665
1738653349.0741742, 578, 667
1738653349.080541, 582, 674
