1738653339.0652516, 0, 0
1738653339.0717087, 0, 0
1738653339.07847, 0, 2
1738653339.0841787, 1, 2
1738653339.0906582, 1, 15
1738653339.0975747, 2, 39
1738653339.1041403, 2, 78
1738653339.110433, 4, 30
1738653339.1167939, 4, 59
1738653339.1226158, 5, 123
1738653339.1294053, 6, 134
1738653339.1348124, 8, 169
1738653339.1486022, 10, 194
1738653339.1553674, 12, 206
1738653339.1618507, 14, 224
1738653339.168684, 15, 236
1738653339.174484, 16, 249
1738653339.1812027, 19, 262
1738653339.1878443, 20, 268
1738653339.1934776, 22, 279
1738653339.2007184, 24, 298
1738653339.207761, 26, 304
1738653339.2133894, 28, 307
1738653339.2198546, 30, 318
1738653339.2255497, 32, 328
1738653339.231952, 35, 336
1738653339.2385733, 37, 342
1738653339.2443697, 39, 345
1738653339.2517254, 41, 348
1738653339.258352, 44, 357
1738653339.2640955, 46, 365
1738653339.2705781, 48, 367
1738653339.277284, 51, 374
1738653339.2827814, 53, 380
1738653339.2896142, 56, 388
1738653339.2952282, 58, 390
1738653339.3024795, 61, 388
1738653339.3094287, 64, 391
1738653339.314857, 66, 388
1738653339.3214135, 69, 394
1738653339.3281856, 71, 397
1738653339.3339193, 74, 400
1738653339.3402553, 76, 407
1738653339.3462954, 78, 413
1738653339.3536124, 81, 414
1738653339.3600345, 84, 410
1738653339.3656707, 87, 409
1738653339.3720589, 90, 408
1738653339.3787086, 92, 412
1738653339.3845155, 94, 419
1738653339.391239, 98, 417
1738653339.397826, 100, 424
1738653339.4043057, 103, 426
1738653339.4106364, 106, 427
1738653339.4173188, 108, 424
1738653339.422776, 110, 425
1738653339.4295833, 114, 422
1738653339.4352446, 116, 423
1738653339.4417524, 119, 427
1738653339.4486084, 122, 428
1738653339.45533, 124, 432
1738653339.4616683, 128, 434
1738653339.468341, 130, 437
1738653339.4741063, 133, 434
1738653339.4804356, 136, 430
1738653339.4868317, 138, 432
1738653339.492614, 141, 428
1738653339.4994667, 144, 430
1738653339.506257, 146, 440
1738653339.5125797, 150, 439
1738653339.5194066, 153, 437
1738653339.5248244, 155, 441
1738653339.5314095, 158, 438
1738653339.5380893, 161, 431
1738653339.5509129, 167, 438
1738653339.5596564, 170, 437
1738653339.565291, 173, 441
1738653339.5718863, 176, 441
1738653339.5785532, 178, 442
1738653339.584335, 181, 441
1738653339.5906672, 184, 441
1738653339.5975702, 186, 438
1738653339.6028836, 189, 437
1738653339.6103156, 192, 441
1738653339.616694, 195, 444
1738653339.6224627, 198, 445
1738653339.6293695, 202, 446
1738653339.6347935, 203, 445
1738653339.6413467, 207, 440
1738653339.64797, 210, 439
1738653339.6536372, 212, 439
1738653339.6607192, 215, 439
1738653339.667617, 218, 441
1738653339.6729462, 221, 444
1738653339.6797373, 224, 450
1738653339.685347, 226, 449
1738653339.6918156, 229, 445
1738653339.6985772, 232, 442
1738653339.7044065, 234, 441
1738653339.7117977, 238, 439
1738653339.7184203, 240, 442
1738653339.7241945, 243, 450
1738653339.73052, 246, 447
1738653339.7369533, 248, 450
1738653339.7426522, 251, 447
1738653339.7496395, 255, 441
1738653339.7552297, 258, 441
1738653339.762598, 260, 437
1738653339.7694283, 264, 441
1738653339.774796, 266, 443
1738653339.781343, 269, 447
1738653339.7879636, 272, 451
1738653339.79366, 274, 451
1738653339.800052, 277, 446
1738653339.8056874, 280, 445
1738653339.8136015, 283, 443
1738653339.820045, 286, 443
1738653339.8256834, 288, 440
1738653339.8323734, 291, 447
1738653339.8388567, 294, 447
1738653339.84462, 296, 451
1738653339.850958, 300, 448
1738653339.8578343, 302, 443
1738653339.8644104, 306, 437
1738653339.8708966, 309, 439
1738653339.877768, 311, 441
1738653339.8833935, 314, 445
1738653339.889957, 317, 447
1738653339.89559, 320, 451
1738653339.901969, 322, 447
1738653339.908546, 325, 447
1738653339.915297, 328, 445
1738653339.9216049, 331, 441
1738653339.928371, 334, 443
1738653339.9341154, 336, 444
1738653339.9447322, 340, 446
1738653339.9595432, 348, 447
1738653339.966791, 351, 444
1738653339.9727244, 354, 440
1738653339.9795275, 357, 442
1738653339.9849505, 359, 439
1738653339.991676, 362, 443
1738653339.9983466, 365, 448
1738653340.00409, 368, 445
1738653340.0104277, 370, 448
1738653340.0180418, 374, 441
1738653340.0237076, 377, 444
1738653340.030134, 380, 440
1738653340.0357392, 382, 439
1738653340.0420861, 384, 445
1738653340.0488524, 388, 449
1738653340.0546284, 390, 448
