1738653342.0745738, 0, 0
1738653342.0812948, 0, 0
1738653342.088244, 0, 0
1738653342.093976, 0, 0
1738653342.1002896, 1, 8
1738653342.1066985, 2, 70
1738653342.1227584, 4, 95
1738653342.1297367, 6, 158
1738653342.1353493, 7, 183
1738653342.142378, 8, 195
1738653342.149358, 10, 206
1738653342.1547868, 11, 226
1738653342.1615036, 13, 239
1738653342.1681805, 14, 264
1738653342.1748137, 16, 276
1738653342.1813612, 19, 292
1738653342.1897135, 21, 298
1738653342.196325, 24, 319
1738653342.2025173, 26, 331
1738653342.20944, 28, 345
1738653342.2155123, 30, 350
1738653342.2228549, 33, 366
1738653342.2296891, 36, 370
1738653342.2353082, 38, 373
1738653342.2416604, 40, 383
1738653342.2596803, 43, 405
1738653342.2742233, 50, 429
1738653342.2846017, 56, 430
1738653342.3017275, 66, 439
1738653342.3085556, 69, 449
1738653342.3143737, 72, 454
1738653342.3218808, 76, 463
1738653342.3287098, 78, 466
1738653342.3344996, 81, 465
1738653342.3408306, 85, 466
1738653342.3526552, 87, 467
1738653342.360677, 94, 475
1738653342.3677425, 96, 482
1738653342.3743079, 100, 485
1738653342.380806, 104, 487
1738653342.3878381, 106, 486
1738653342.3935578, 110, 482
1738653342.3999965, 113, 485
1738653342.4056513, 116, 486
1738653342.4120035, 119, 495
1738653342.4187775, 122, 499
1738653342.4255426, 126, 500
1738653342.4319975, 129, 498
1738653342.4386206, 132, 499
1738653342.4444542, 135, 495
1738653342.450914, 139, 497
1738653342.4578164, 141, 499
1738653342.4634442, 145, 504
1738653342.4699554, 148, 507
1738653342.4776132, 151, 509
1738653342.482902, 155, 506
1738653342.4897218, 158, 498
1738653342.4953692, 161, 504
1738653342.5016673, 164, 504
1738653342.5084841, 167, 509
1738653342.5142548, 170, 513
1738653342.5206633, 174, 516
1738653342.528355, 178, 514
1738653342.5340855, 180, 510
1738653342.5404148, 184, 508
1738653342.5468953, 186, 505
1738653342.5527856, 190, 515
1738653342.5603497, 194, 514
1738653342.5667717, 197, 518
1738653342.572743, 200, 514
1738653342.5803707, 204, 511
1738653342.5867918, 207, 509
1738653342.5926335, 210, 510
1738653342.5994642, 214, 511
1738653342.6048677, 216, 515
1738653342.6114562, 220, 519
1738653342.6180716, 224, 517
1738653342.6237361, 227, 514
1738653342.6312473, 231, 512
1738653342.6378849, 233, 509
1738653342.6436074, 237, 515
1738653342.6500323, 240, 516
1738653342.655663, 244, 518
1738653342.6620178, 246, 519
1738653342.6687422, 250, 515
1738653342.6745648, 252, 513
1738653342.681981, 256, 510
1738653342.6886957, 260, 511
1738653342.6945105, 263, 515
1738653342.700886, 267, 518
1738653342.7077715, 269, 518
1738653342.713395, 273, 517
1738653342.7198656, 276, 514
1738653342.7255454, 279, 510
1738653342.7328095, 282, 508
1738653342.739603, 286, 511
1738653342.74521, 290, 519
1738653342.7584648, 296, 517
1738653342.7642581, 299, 513
1738653342.7707384, 302, 512
1738653342.7777333, 305, 509
1738653342.784392, 309, 512
1738653342.7907152, 312, 513
1738653342.7976084, 316, 517
1738653342.8029501, 320, 520
1738653342.8099465, 322, 512
1738653342.8156374, 326, 514
1738653342.8220334, 328, 509
1738653342.8297095, 332, 510
1738653342.8354597, 336, 515
1738653342.8418224, 339, 521
1738653342.8485272, 342, 519
1738653342.8543193, 345, 515
1738653342.8606687, 348, 515
1738653342.8677154, 352, 509
1738653342.873384, 356, 512
1738653342.8806717, 358, 516
1738653342.8876145, 362, 519
1738653342.8929434, 366, 522
1738653342.899743, 369, 518
1738653342.905398, 372, 516
1738653342.9117026, 375, 513
1738653342.9183486, 378, 514
1738653342.9241123, 382, 516
1738653342.9315937, 384, 517
1738653342.938439, 388, 521
1738653342.9442153, 392, 519
1738653342.950581, 395, 517
1738653342.9573016, 398, 514
1738653342.962783, 401, 510
1738653342.9696507, 405, 511
1738653342.9753103, 408, 515
1738653342.9825978, 412, 520
1738653342.9895973, 416, 520
1738653342.9952283, 418, 518
1738653343.0015888, 422, 515
1738653343.0082648, 424, 511
1738653343.0140257, 428, 513
1738653343.0203705, 431, 518
1738653343.0268188, 434, 519
1738653343.033872, 437, 522
1738653343.0402489, 441, 518
1738653343.046276, 444, 516
1738653343.0639887, 452, 512
