1738653306.6184864, 0, 0
1738653306.6247706, 0, 0
1738653306.6314707, 0, 0
1738653306.637979, -1, -6
1738653306.6435595, -2, -38
1738653306.6569803, -4, -60
1738653306.6627436, -4, -154
1738653306.6696424, -6, -171
1738653306.6767473, -8, -189
1738653306.6826024, -10, -231
1738653306.6894875, -12, -264
1738653306.6948805, -14, -290
1738653306.7015169, -16, -300
1738653306.7080455, -18, -330
1738653306.713609, -20, -338
1738653306.7199705, -22, -363
1738653306.7273521, -24, -376
1738653306.7327583, -27, -386
1738653306.7394328, -30, -397
1738653306.7447436, -32, -409
1738653306.751354, -36, -428
1738653306.7579577, -38, -438
1738653306.763467, -41, -457
1738653306.7698336, -44, -468
1738653306.7768936, -47, -480
1738653306.7826138, -50, -484
1738653306.7893722, -54, -489
1738653306.7946815, -56, -502
1738653306.8009346, -60, -508
1738653306.807824, -62, -523
1738653306.8133335, -67, -533
1738653306.819722, -70, -537
1738653306.8268802, -73, -541
1738653306.8326764, -76, -544
1738653306.8394165, -81, -554
1738653306.84477, -84, -562
1738653306.8515875, -88, -569
1738653306.8655024, -96, -582
1738653306.871956, -100, -577
1738653306.8800824, -104, -584
1738653306.8856537, -108, -588
1738653306.8919353, -112, -599
1738653306.8985088, -115, -603
1738653306.904172, -119, -601
1738653306.910406, -122, -599
1738653306.916315, -126, -603
1738653306.9223068, -130, -605
1738653306.9300063, -134, -614
1738653306.935559, -138, -618
1738653306.9418087, -142, -619
1738653306.9483836, -146, -619
1738653306.9540396, -150, -614
1738653306.9604955, -153, -617
1738653306.9668198, -157, -622
1738653306.97251, -161, -627
1738653306.9799798, -166, -628
1738653306.985513, -170, -627
1738653306.9919772, -173, -623
1738653306.9985094, -177, -628
1738653307.0042126, -181, -629
1738653307.0104384, -185, -636
1738653307.0167634, -188, -636
1738653307.0224674, -192, -635
1738653307.0298707, -198, -628
1738653307.0354598, -201, -632
1738653307.0418036, -205, -636
1738653307.0539484, -212, -645
1738653307.061276, -218, -641
1738653307.0679219, -220, -635
1738653307.0734358, -226, -635
1738653307.0806975, -230, -644
1738653307.0872862, -234, -648
1738653307.0928607, -238, -651
1738653307.0995755, -242, -645
1738653307.1048958, -246, -638
1738653307.115525, -252, -640
1738653307.121974, -256, -648
1738653307.1296697, -260, -649
1738653307.13497, -266, -649
1738653307.141608, -270, -641
1738653307.14838, -274, -646
1738653307.1540487, -278, -648
1738653307.1603358, -281, -655
1738653307.1662984, -285, -653
1738653307.1725006, -289, -650
1738653307.1800623, -293, -644
1738653307.1856034, -298, -643
1738653307.1918716, -302, -652
1738653307.1984518, -306, -656
1738653307.2041128, -310, -648
1738653307.210367, -314, -648
1738653307.2162619, -318, -643
1738653307.2224882, -322, -646
1738653307.2301476, -326, -650
1738653307.2356818, -330, -656
1738653307.2419345, -334, -650
1738653307.2484882, -338, -649
1738653307.2541358, -342, -646
1738653307.2603667, -346, -645
1738653307.2662933, -350, -653
1738653307.2722871, -354, -657
1738653307.2786937, -358, -653
1738653307.2854834, -363, -652
1738653307.291952, -367, -649
1738653307.2984924, -371, -649
1738653307.3041449, -375, -656
1738653307.3103878, -379, -658
1738653307.3167481, -383, -653
1738653307.3224475, -386, -650
1738653307.3288057, -390, -647
1738653307.3355207, -396, -648
1738653307.3417969, -400, -654
1738653307.3485675, -404, -658
1738653307.3542562, -408, -653
1738653307.360486, -412, -648
1738653307.3667738, -416, -650
1738653307.3724651, -419, -651
1738653307.3788357, -423, -656
1738653307.3855383, -428, -658
1738653307.3919387, -432, -656
1738653307.3984926, -436, -646
1738653307.4041495, -440, -647
1738653307.4105363, -444, -653
1738653307.4168882, -448, -656
1738653307.422554, -452, -655
1738653307.4288757, -457, -657
1738653307.4356136, -461, -646
1738653307.4418962, -465, -647
1738653307.45257, -469, -657
1738653307.4605134, -477, -656
1738653307.466903, -480, -652
1738653307.5204725, -514, -652
1738653307.541605, -529, -654
1738653307.5529568, -538, -646
1738653307.568966, -548, -658
1738653307.5849655, -556, -647
1738653307.6038065, -568, -655
1738653307.6202993, -580, -646
