1738653309.640922, 0, 0
1738653309.6477256, -1, 0
1738653309.652884, -1, -32
1738653309.659685, -2, -8
1738653309.664939, -2, -8
1738653309.67232, -3, -98
1738653309.6786911, -4, -92
1738653309.6843421, -5, -148
1738653309.6907563, -7, -196
1738653309.697385, -8, -204
1738653309.7027047, -10, -228
1738653309.7096589, -12, -262
1738653309.7149136, -14, -293
1738653309.7220855, -16, -324
1738653309.7285893, -18, -343
1738653309.73423, -20, -369
1738653309.7404547, -23, -384
1738653309.746807, -26, -392
1738653309.7526422, -28, -413
1738653309.7595434, -32, -425
1738653309.7648184, -34, -441
1738653309.7721183, -37, -459
1738653309.778616, -40, -479
1738653309.7843254, -43, -499
1738653309.7905688, -46, -506
1738653309.7969313, -50, -516
1738653309.8026085, -53, -526
1738653309.8094747, -57, -533
1738653309.8147485, -60, -538
1738653309.82199, -64, -560
1738653309.8285165, -68, -573
1738653309.834146, -71, -581
1738653309.8403769, -74, -587
1738653309.8462405, -78, -590
1738653309.8521101, -82, -592
1738653309.8653226, -89, -604
1738653309.8727427, -94, -621
1738653309.879603, -99, -625
1738653309.8848803, -102, -629
1738653309.891585, -107, -631
1738653309.8980522, -110, -634
1738653309.9035997, -114, -639
1738653309.909912, -118, -651
1738653309.9154713, -122, -656
1738653309.9227078, -126, -657
1738653309.9295886, -132, -654
1738653309.9348783, -134, -656
1738653309.9413643, -140, -662
1738653309.9478507, -142, -671
1738653309.953217, -148, -674
1738653309.9596398, -152, -674
1738653309.9648798, -156, -668
1738653309.9721253, -160, -674
1738653309.9786773, -164, -683
1738653309.984336, -168, -691
1738653309.9907095, -172, -686
1738653309.9972658, -176, -685
1738653310.0026236, -180, -684
1738653310.0092604, -186, -687
1738653310.0146413, -189, -692
1738653310.0212698, -194, -698
1738653310.0285583, -198, -696
1738653310.034227, -203, -692
1738653310.0404594, -207, -694
1738653310.046706, -211, -697
1738653310.0525286, -216, -706
1738653310.0588543, -221, -704
1738653310.0645206, -224, -706
1738653310.0707016, -228, -700
1738653310.0782826, -234, -705
1738653310.0839348, -238, -707
1738653310.0901935, -242, -710
1738653310.0957437, -246, -709
1738653310.101967, -251, -699
1738653310.1086314, -255, -702
1738653310.1196957, -259, -707
1738653310.1267583, -268, -711
1738653310.132429, -272, -710
1738653310.1394262, -278, -708
1738653310.144708, -280, -706
1738653310.1513436, -286, -715
1738653310.1578186, -289, -717
1738653310.162936, -295, -714
1738653310.1697621, -299, -711
1738653310.1767945, -304, -709
1738653310.1824791, -308, -716
1738653310.1888444, -312, -716
1738653310.1945193, -316, -712
1738653310.2007241, -320, -713
1738653310.2073066, -324, -706
1738653310.2126858, -329, -710
1738653310.2193716, -335, -719
1738653310.2256646, -338, -721
1738653310.2320964, -344, -714
1738653310.238599, -348, -711
1738653310.244321, -352, -710
1738653310.250524, -356, -717
1738653310.261553, -360, -721
1738653310.2696884, -370, -714
1738653310.2758143, -375, -708
1738653310.2825286, -379, -715
1738653310.2894626, -385, -721
1738653310.2947505, -388, -718
1738653310.3009746, -394, -718
1738653310.307702, -396, -712
1738653310.3128545, -402, -708
1738653310.3195305, -406, -720
1738653310.324837, -409, -721
1738653310.3320572, -415, -717
1738653310.338528, -419, -714
1738653310.3441343, -424, -711
1738653310.3505218, -428, -719
1738653310.3568716, -432, -720
1738653310.3625026, -436, -718
1738653310.3688357, -440, -717
1738653310.3744884, -445, -711
1738653310.3816252, -451, -715
1738653310.3881574, -455, -719
1738653310.3936822, -460, -721
1738653310.3999724, -464, -719
1738653310.4055207, -468, -714
1738653310.4119747, -472, -712
1738653310.4185305, -476, -717
1738653310.4241402, -481, -721
1738653310.4313602, -486, -720
1738653310.4378383, -490, -714
1738653310.443243, -495, -714
1738653310.44977, -500, -715
1738653310.4552734, -504, -719
1738653310.4614854, -508, -720
1738653310.4680965, -512, -717
1738653310.4736698, -516, -713
1738653310.4807792, -521, -711
1738653310.487393, -526, -720
1738653310.4927115, -530, -722
1738653310.4993827, -536, -718
1738653310.5046785, -538, -715
1738653310.510935, -544, -714
1738653310.51763, -547, -716
1738653310.5227551, -551, -720
1738653310.5303211, -557, -721
1738653310.5362847, -561, -716
1738653310.5424836, -566, -708
1738653310.548844, -570, -716
1738653310.5544946, -574, -718
1738653310.5616279, -580, -719
1738653310.5680947, -584, -717
1738653310.57365, -588, -715
1738653310.5799375, -592, -710
1738653310.5873678, -597, -719
1738653310.6379588, -632, -719
