1738653285.4325743, 0, 0
1738653285.4401817, 0, 0
1738653285.4456322, 0, 0
1738653285.4521298, 0, 0
1738653285.4587717, 0, 0
1738653285.4643793, 0, 0
1738653285.4705055, 0, 0
1738653285.4767766, -1, -6
1738653285.4824347, -1, -48
1738653285.4898767, -2, -75
1738653285.4953759, -2, -75
1738653285.5015285, -2, -75
1738653285.5081813, -2, -44
1738653285.5137017, -3, -63
1738653285.5199783, -4, -83
1738653285.5254886, -4, -83
1738653285.5316932, -5, -85
1738653285.5393639, -6, -87
1738653285.5446768, -6, -87
1738653285.550925, -6, -93
1738653285.55833, -7, -99
1738653285.5639389, -8, -99
1738653285.570319, -8, -91
1738653285.5762608, -9, -123
1738653285.582137, -10, -123
1738653285.589774, -11, -101
1738653285.5953112, -12, -155
1738653285.6014998, -12, -155
1738653285.607995, -13, -116
1738653285.6135576, -14, -118
1738653285.619839, -14, -119
1738653285.625313, -15, -122
1738653285.6316538, -16, -121
1738653285.63889, -17, -124
1738653285.6445334, -18, -123
1738653285.6507285, -18, -125
1738653285.6573138, -19, -127
1738653285.6626592, -20, -128
1738653285.6693704, -21, -127
1738653285.6746452, -22, -130
1738653285.6808448, -22, -132
1738653285.6883798, -23, -131
1738653285.6940556, -24, -131
1738653285.7003171, -25, -135
1738653285.7058434, -26, -136
1738653285.7120936, -26, -135
1738653285.7187533, -28, -138
1738653285.7244344, -28, -139
1738653285.7306595, -29, -137
1738653285.7372673, -30, -137
1738653285.7438633, -31, -138
1738653285.750309, -32, -140
1738653285.7557824, -33, -143
1738653285.7619832, -34, -145
1738653285.7685292, -34, -145
1738653285.7741566, -36, -143
1738653285.7803488, -36, -144
1738653285.7914686, -37, -142
1738653285.799784, -39, -142
1738653285.8052971, -40, -141
1738653285.8117845, -41, -138
1738653285.818496, -42, -139
1738653285.824126, -42, -142
1738653285.8303366, -44, -144
1738653285.8361995, -44, -142
1738653285.8433702, -46, -144
1738653285.8499174, -46, -144
1738653285.8554873, -47, -141
1738653285.861745, -48, -142
1738653285.8684413, -49, -143
1738653285.8740861, -50, -145
1738653285.880309, -50, -147
1738653285.8862398, -52, -150
1738653285.893423, -52, -148
1738653285.8997865, -54, -145
1738653285.9053118, -54, -146
1738653285.9115186, -56, -145
1738653285.9180298, -56, -147
1738653285.9235656, -57, -150
1738653285.929984, -58, -152
1738653285.9355328, -59, -149
1738653285.9427557, -60, -149
1738653285.9494543, -61, -148
1738653285.9547272, -62, -144
1738653285.9609053, -62, -146
1738653285.9676602, -63, -145
1738653285.9728365, -64, -145
1738653285.9796789, -66, -146
1738653285.984938, -66, -146
1738653285.992473, -67, -148
1738653285.998883, -68, -148
1738653286.00453, -69, -148
1738653286.0107336, -70, -147
1738653286.0173008, -70, -146
1738653286.0226274, -72, -144
1738653286.0293722, -73, -148
1738653286.0346494, -74, -149
1738653286.0408711, -74, -147
1738653286.0484877, -76, -149
1738653286.0540953, -76, -150
1738653286.0603356, -77, -145
1738653286.0658436, -78, -145
1738653286.0721202, -79, -147
1738653286.0785933, -80, -149
1738653286.084261, -81, -152
1738653286.0904658, -82, -153
1738653286.097957, -83, -149
1738653286.1034636, -84, -148
1738653286.120345, -86, -148
1738653286.1262057, -87, -148
1738653286.1324153, -88, -148
1738653286.139776, -89, -146
1738653286.1505384, -90, -147
1738653286.1646814, -92, -146
1738653286.1800265, -94, -146
1738653286.1997745, -98, -150
1738653286.2117126, -100, -148
1738653286.2245505, -101, -146
1738653286.239848, -103, -149
1738653286.253244, -106, -150
1738653286.2625597, -107, -149
1738653286.2788506, -109, -147
1738653286.2845547, -110, -147
1738653286.2909355, -112, -148
1738653286.2976682, -112, -149
1738653286.3028638, -114, -147
1738653286.3095467, -114, -147
1738653286.314908, -115, -149
1738653286.330627, -117, -149
1738653286.3425367, -119, -146
1738653286.3508778, -120, -148
1738653286.3582609, -122, -147
1738653286.3638947, -122, -147
1738653286.3702962, -123, -149
1738653286.3762202, -124, -149
1738653286.383387, -126, -149
1738653286.3897543, -126, -149
1738653286.3952522, -127, -148
1738653286.4014812, -128, -150
1738653286.4081109, -129, -149
1738653286.413682, -130, -150
1738653286.4199417, -131, -150
