1738653291.462936, 0, 0
1738653291.4794583, 0, 0
1738653291.4885623, 0, -8
1738653291.4947588, -1, -4
1738653291.5009553, -2, -16
1738653291.507905, -2, -16
1738653291.5133662, -2, -77
1738653291.520497, -3, -107
1738653291.526764, -4, -107
1738653291.5324981, -4, -97
1738653291.538844, -6, -169
1738653291.5444846, -6, -136
1738653291.5506616, -8, -142
1738653291.558137, -8, -162
1738653291.5636883, -10, -165
1738653291.5708044, -12, -180
1738653291.5775678, -12, -186
1738653291.5828133, -14, -191
1738653291.5894918, -15, -195
1738653291.594779, -16, -195
1738653291.6009493, -18, -204
1738653291.6076572, -18, -209
1738653291.612829, -20, -212
1738653291.6203077, -22, -220
1738653291.625818, -23, -224
1738653291.6324072, -24, -229
1738653291.6387792, -26, -231
1738653291.6444185, -27, -238
1738653291.6506112, -29, -245
1738653291.6572223, -30, -247
1738653291.6625865, -32, -248
1738653291.6699517, -34, -254
1738653291.6754932, -36, -257
1738653291.6817708, -37, -260
1738653291.6884966, -38, -259
1738653291.6941311, -40, -262
1738653291.7005248, -42, -262
1738653291.7068124, -44, -263
1738653291.7124953, -45, -265
1738653291.7200003, -46, -265
1738653291.7255218, -48, -265
1738653291.7317579, -50, -270
1738653291.7383096, -52, -272
1738653291.7439468, -54, -273
1738653291.7503142, -56, -273
1738653291.7562249, -57, -278
1738653291.762125, -59, -280
1738653291.769764, -60, -280
1738653291.7753208, -62, -281
1738653291.7815304, -64, -279
1738653291.7880406, -66, -278
1738653291.793571, -68, -279
1738653291.7998254, -70, -279
1738653291.8107266, -71, -281
1738653291.820236, -75, -282
1738653291.8257954, -77, -286
1738653291.8324838, -78, -284
1738653291.8389626, -80, -288
1738653291.8446038, -82, -288
1738653291.8508563, -84, -288
1738653291.857637, -86, -290
1738653291.862805, -87, -287
1738653291.869644, -90, -287
1738653291.8767304, -91, -285
1738653291.882373, -93, -285
1738653291.8887086, -94, -285
1738653291.8943791, -96, -287
1738653291.9005952, -98, -285
1738653291.90694, -100, -289
1738653291.912552, -102, -290
1738653291.918892, -104, -292
1738653291.9255602, -106, -291
1738653291.9319816, -108, -294
1738653291.9385037, -109, -292
1738653291.9441416, -111, -292
1738653291.950367, -112, -289
1738653291.9562154, -114, -287
1738653291.9624128, -116, -289
1738653291.96872, -118, -287
1738653291.9754136, -120, -285
1738653291.9816394, -122, -289
1738653291.9882817, -124, -290
1738653291.9939065, -126, -295
1738653292.0001535, -127, -290
1738653292.0056612, -129, -297
1738653292.011889, -130, -291
1738653292.0183964, -132, -294
1738653292.0247962, -134, -292
1738653292.0312095, -136, -291
1738653292.0377338, -138, -291
1738653292.0429163, -140, -288
1738653292.0497303, -142, -291
1738653292.0549705, -144, -287
1738653292.061419, -145, -288
1738653292.0679038, -147, -291
1738653292.0742993, -149, -296
1738653292.0805387, -150, -292
1738653292.0868163, -152, -294
1738653292.0926476, -154, -294
1738653292.0992675, -156, -294
1738653292.104638, -158, -295
1738653292.1120746, -160, -293
1738653292.1185768, -162, -292
1738653292.124972, -164, -290
1738653292.1314635, -166, -290
1738653292.137943, -168, -286
1738653292.1433876, -169, -288
1738653292.1497958, -171, -290
1738653292.155276, -172, -292
1738653292.1615083, -174, -293
1738653292.1681767, -176, -297
1738653292.1737337, -178, -296
1738653292.1807754, -180, -297
1738653292.1873784, -182, -297
1738653292.1927502, -183, -294
1738653292.1994255, -186, -295
1738653292.2099736, -187, -291
1738653292.2182412, -191, -288
1738653292.2238517, -192, -289
1738653292.231267, -195, -291
1738653292.2378864, -196, -293
1738653292.2433774, -198, -294
1738653292.249773, -200, -293
1738653292.2552376, -202, -298
1738653292.261426, -204, -297
1738653292.267922, -206, -298
1738653292.273376, -208, -294
1738653292.280472, -209, -293
1738653292.286715, -211, -290
1738653292.2925181, -212, -290
1738653292.2988381, -214, -288
1738653292.3044696, -216, -289
1738653292.3106942, -218, -289
1738653292.3172605, -220, -292
1738653292.322648, -222, -295
1738653292.330083, -224, -295
1738653292.3355975, -226, -299
1738653292.3418639, -227, -296
1738653292.3500013, -229, -298
1738653292.3555455, -232, -290
1738653292.3619435, -233, -292
1738653292.3686554, -235, -289
1738653292.3743336, -236, -292
1738653292.3817549, -239, -288
1738653292.3883176, -240, -289
1738653292.3939414, -242, -288
1738653292.4002147, -244, -294
1738653292.405724, -246, -293
1738653292.412101, -248, -297
1738653292.4186094, -250, -299
1738653292.42429, -252, -297
1738653292.431556, -254, -297
1738653292.438052, -256, -290
1738653292.4436061, -257, -292
