1738754793.2278051, 0, 0
1738754793.2334511, 0, 0
1738754793.2402725, 0, 0
1738754793.2471268, 0, 0
1738754793.252357, 0, 0
1738754793.2583175, 0, 0
1738754793.2650607, 0, 0
1738754793.2701063, 0, 0
1738754793.2763076, 0, 0
1738754793.281916, 0, 0
1738754793.2879775, 0, 0
1738754793.2953038, 0, 0
1738754793.300328, 0, 0
1738754793.306853, 0, 0
1738754793.3121424, 0, 0
1738754793.3182154, 0, 0
1738754793.3249266, 0, 0
1738754793.3300676, 0, 0
1738754793.3362849, 0, 0
1738754793.3430693, 0, 0
1738754793.3492014, 0, 0
1738754793.3554022, 0, 0
1738754793.3607183, 0, 0
1738754793.3669212, 0, 0
1738754793.372231, 0, 0
1738754793.3782287, 0, 0
1738754793.385029, 0, 0
1738754793.39009, 0, 0
1738754793.3974812, 0, 0
1738754793.4029667, 0, 0
1738754793.4090424, 0, 0
1738754793.4152255, 0, 0
1738754793.4202695, 0, 0
1738754793.4267392, 0, 0
1738754793.4320848, 0, 0
1738754793.4381404, 0, 0
1738754793.445519, 0, 0
1738754793.450867, 0, 0
1738754793.4571452, 0, 0
1738754793.4624062, 0, 0
1738754793.4683664, 0, 0
1738754793.4750674, 0, 0
1738754793.4800782, 0, 0
1738754793.4862988, 0, 0
1738754793.4918969, 0, 0
1738754793.4990213, 0, 0
1738754793.5053937, 0, 0
1738754793.5115583, 0, 0
1738754793.5178566, 0, 0
1738754793.5233462, 0, 0
1738754793.5294416, 0, 0
1738754793.535669, 0, 0
1738754793.5410404, 0, 0
1738754793.5481367, 0, 0
1738754793.5543933, 0, 0
1738754793.559665, 0, 0
1738754793.5659785, 0, 0
1738754793.5713801, 0, 0
1738754793.5776958, 0, 0
1738754793.5831995, 0, 0
1738754793.593365, 0, 0
1738754793.600204, 0, 0
1738754793.607095, 0, 0
1738754793.612668, 0, 0
1738754793.6184115, 0, 0
1738754793.6251106, 0, 0
1738754793.6301217, 0, 0
1738754793.6363626, 0, 0
1738754793.641926, 0, 0
1738754793.6491196, 0, 0
1738754793.655347, 0, 0
1738754793.6603801, 0, 0
1738754793.6669257, 0, 0
1738754793.6722817, 0, 0
1738754793.6782868, 0, 0
1738754793.6849499, 0, 0
1738754793.6899977, 0, 0
1738754793.6962068, 0, 0
1738754793.7028677, 0, 0
1738754793.7089086, 0, 0
1738754793.7150881, 0, 0
1738754793.720132, 0, 0
1738754793.72635, 0, 0
1738754793.7321548, 0, 0
1738754793.7381744, 0, 0
1738754793.7449002, 0, 0
1738754793.751069, 0, 0
1738754793.7574027, 0, 0
1738754793.7628553, 0, 0
1738754793.768998, 0, 0
1738754793.7753506, 0, 0
1738754793.7804005, 0, 0
1738754793.786937, 0, 0
1738754793.7922184, 0, 0
1738754793.7992663, 0, 0
1738754793.8057086, 0, 0
1738754793.8110697, 0, 0
1738754793.817388, 0, 0
1738754793.822829, 0, 0
1738754793.8289404, 0, 0
1738754793.8350945, 0, 0
1738754793.8401296, 0, 0
1738754793.8463438, 0, 0
1738754793.853041, 0, 0
1738754793.8590672, 0, 0
1738754793.8654833, 0, 0
1738754793.8708422, 0, 0
1738754793.8771675, 0, 0
1738754793.882393, 0, 0
1738754793.8883464, 0, 0
1738754793.8948824, 0, 0
1738754793.9010456, 0, 0
1738754793.9074109, 0, 0
1738754793.9128828, 0, 0
1738754793.9189253, 0, 0
1738754793.9252958, 0, 0
1738754793.9303572, 0, 0
1738754793.9369276, 0, 0
1738754793.9422214, 0, 0
1738754793.948216, 0, 0
1738754793.955538, 0, 0
1738754793.9608712, 0, 0
1738754793.967179, 0, 0
1738754793.9723935, 0, 0
1738754793.9783797, 0, 0
1738754793.9850624, 0, 0
1738754793.9952323, 0, 0
1738754794.0002632, 0, 0
1738754794.0077922, 0, 0
1738754794.013438, 0, 0
1738754794.0195386, 0, 0
1738754794.025785, 0, 0
1738754794.031125, 0, 0
1738754794.0374217, 0, 0
1738754794.0430007, 0, 0
1738754794.0491273, 0, 0
1738754794.0560713, 0, 0
1738754794.0614705, 0, 0
1738754794.067802, 0, 0
1738754794.0732548, 0, 0
1738754794.0794482, 0, 0
1738754794.0857224, 0, 0
1738754794.0910392, 0, 0
1738754794.0973656, 0, 0
1738754794.1047904, 0, 0
1738754794.1098735, 0, 0
1738754794.11605, 0, 0
1738754794.1214287, 0, 0
1738754794.1279025, 0, 0
1738754794.1333709, 0, 0
1738754794.1394663, 0, 0
1738754794.1457155, 0, 0
1738754794.1510377, 0, 0
1738754794.1581104, 0, 0
1738754794.164831, 0, 0
1738754794.1699018, 0, 0
1738754794.1761434, 0, 0
1738754794.181541, 0, 0
1738754794.1878242, 0, 0
1738754794.1932921, 0, 0
1738754794.1994047, 0, 0
1738754794.2063987, 0, 0
1738754794.2120574, 0, 0
1738754794.2180939, 0, 0
