1738653288.4419005, 0, 0
1738653288.4486825, 0, 0
1738653288.4543297, 0, 0
1738653288.4617288, 0, 0
1738653288.4682615, 0, -5
1738653288.4738898, -1, -20
1738653288.4801548, -1, -14
1738653288.4856615, -2, -33
1738653288.4918635, -2, -33
1738653288.4984474, -2, -55
1738653288.5040758, -3, -80
1738653288.5104733, -4, -106
1738653288.517888, -4, -106
1738653288.523342, -5, -83
1738653288.5297458, -6, -144
1738653288.5352874, -6, -100
1738653288.5415177, -7, -142
1738653288.5480669, -8, -118
1738653288.5536203, -9, -118
1738653288.560615, -10, -189
1738653288.5683308, -11, -147
1738653288.573968, -12, -147
1738653288.5802205, -13, -158
1738653288.5857525, -14, -158
1738653288.5922997, -15, -167
1738653288.6045032, -17, -169
1738653288.6108742, -18, -171
1738653288.618617, -20, -176
1738653288.6243267, -21, -196
1738653288.6308043, -22, -197
1738653288.6375773, -23, -201
1738653288.6427405, -24, -188
1738653288.6494498, -26, -190
1738653288.6547318, -26, -192
1738653288.660949, -28, -197
1738653288.6684473, -30, -198
1738653288.6741636, -30, -198
1738653288.6803944, -32, -199
1738653288.686316, -33, -200
1738653288.6925235, -34, -201
1738653288.6988757, -36, -202
1738653288.7045782, -36, -204
1738653288.7108326, -38, -203
1738653288.7185538, -40, -205
1738653288.7242162, -41, -204
1738653288.730451, -42, -205
1738653288.7367349, -43, -206
1738653288.742493, -44, -209
1738653288.7492504, -46, -209
1738653288.7546153, -47, -211
1738653288.7608511, -49, -211
1738653288.7684937, -50, -213
1738653288.7741702, -52, -212
1738653288.780404, -52, -214
1738653288.7863116, -54, -215
1738653288.792305, -55, -215
1738653288.7987382, -56, -214
1738653288.804408, -58, -214
1738653288.8107858, -60, -215
1738653288.8183823, -60, -215
1738653288.8240492, -62, -214
1738653288.8303447, -64, -213
1738653288.8362353, -64, -213
1738653288.8422635, -66, -213
1738653288.8488567, -67, -215
1738653288.854532, -68, -216
1738653288.8607812, -70, -216
1738653288.8684497, -71, -216
1738653288.874113, -73, -216
1738653288.8803542, -74, -218
1738653288.8863118, -76, -219
1738653288.8923054, -77, -220
1738653288.8986883, -78, -221
1738653288.904404, -80, -221
1738653288.9106464, -81, -219
1738653288.9172876, -82, -220
1738653288.9239347, -84, -218
1738653288.9303217, -85, -216
1738653288.936211, -86, -215
1738653288.94211, -88, -215
1738653288.9486437, -89, -216
1738653288.9543688, -90, -217
1738653288.9606025, -92, -216
1738653288.9672003, -93, -216
1738653288.9738884, -94, -217
1738653288.9803386, -96, -217
1738653288.9862232, -98, -218
1738653288.992437, -98, -220
1738653289.0048616, -101, -220
1738653289.011542, -103, -221
1738653289.0181944, -104, -220
1738653289.024603, -106, -218
1738653289.0312762, -108, -217
1738653289.0378804, -108, -216
1738653289.0434067, -110, -216
1738653289.0499403, -111, -216
1738653289.0554855, -112, -215
1738653289.0617409, -114, -214
1738653289.0683415, -115, -215
1738653289.0748353, -116, -215
1738653289.0812929, -118, -215
1738653289.087812, -119, -218
1738653289.09324, -121, -218
1738653289.0997214, -122, -217
1738653289.105209, -124, -220
1738653289.1116245, -125, -222
1738653289.1181686, -126, -222
1738653289.1246939, -128, -221
1738653289.1309593, -129, -218
1738653289.137726, -130, -216
1738653289.1429062, -132, -217
1738653289.1496396, -133, -218
1738653289.154967, -134, -217
1738653289.1614683, -136, -218
1738653289.1681278, -137, -215
1738653289.1745653, -138, -216
1738653289.1808188, -140, -216
1738653289.1876395, -141, -218
1738653289.1928718, -142, -218
1738653289.1995697, -144, -219
1738653289.2048771, -146, -219
1738653289.2113225, -146, -220
1738653289.2178998, -148, -220
1738653289.2242556, -150, -222
1738653289.2697203, -158, -218
1738653289.2920446, -164, -218
1738653289.3079772, -167, -220
1738653289.3236408, -171, -221
1738653289.335766, -174, -222
1738653289.3538644, -176, -220
1738653289.3715868, -180, -219
1738653289.3847678, -184, -216
1738653289.4118757, -189, -218
1738653289.418697, -192, -219
1738653289.4244092, -193, -219
1738653289.4316576, -195, -222
