1738653297.6000686, 0, 0
1738653297.6055298, 0, 0
1738653297.6128578, 0, 0
1738653297.6196404, 0, 0
1738653297.6248565, 0, -8
1738653297.6315358, -1, -8
1738653297.6380322, -2, -16
1738653297.6435785, -2, -31
1738653297.6498907, -4, -162
1738653297.6554418, -4, -128
1738653297.6626077, -6, -146
1738653297.6689305, -7, -175
1738653297.6745548, -8, -180
1738653297.6809423, -10, -191
1738653297.6878238, -10, -212
1738653297.6932137, -12, -225
1738653297.6996403, -14, -233
1738653297.70497, -16, -252
1738653297.7208543, -18, -282
1738653297.7378561, -24, -300
1738653297.7547352, -28, -322
1738653297.7617748, -33, -327
1738653297.7696266, -36, -337
1738653297.7748978, -38, -347
1738653297.7814882, -40, -352
1738653297.7880244, -42, -361
1738653297.7936265, -44, -366
1738653297.7999332, -47, -366
1738653297.8054736, -49, -369
1738653297.8119242, -52, -371
1738653297.8195744, -54, -374
1738653297.832637, -58, -382
1738653297.8395505, -62, -390
1738653297.8448157, -64, -398
1738653297.8514798, -67, -397
1738653297.8580983, -70, -399
1738653297.8636656, -72, -395
1738653297.8708484, -75, -399
1738653297.877638, -77, -400
1738653297.8828132, -79, -402
1738653297.88949, -82, -406
1738653297.8947535, -84, -412
1738653297.900955, -88, -416
1738653297.9076715, -89, -415
1738653297.912818, -92, -418
1738653297.9202044, -95, -416
1738653297.9256895, -98, -414
1738653297.9321406, -100, -414
1738653297.9387991, -102, -416
1738653297.9444234, -105, -418
1738653297.950633, -108, -422
1738653297.9572325, -110, -423
1738653297.9626317, -113, -425
1738653297.9701931, -116, -424
1738653297.9756646, -118, -426
1738653297.9818554, -121, -423
1738653297.9885478, -124, -423
1738653297.994188, -126, -425
1738653298.0004013, -129, -425
1738653298.0067012, -132, -427
1738653298.0123777, -134, -430
1738653298.019825, -136, -434
1738653298.0253975, -140, -433
1738653298.0315857, -143, -433
1738653298.0380564, -145, -428
1738653298.0435858, -148, -427
1738653298.0500276, -150, -429
1738653298.0555143, -153, -424
1738653298.0617852, -156, -432
1738653298.0684972, -158, -439
1738653298.074881, -162, -436
1738653298.0813098, -164, -436
1738653298.0879278, -166, -438
1738653298.0934427, -170, -430
1738653298.099801, -172, -432
1738653298.1052935, -174, -429
1738653298.115563, -177, -432
1738653298.122849, -182, -437
1738653298.1295493, -185, -439
1738653298.1355116, -187, -442
1738653298.1427867, -190, -435
1738653298.14946, -194, -431
1738653298.154741, -196, -432
1738653298.161648, -199, -433
1738653298.1682696, -202, -436
1738653298.1747587, -204, -434
1738653298.1809335, -208, -440
1738653298.1877055, -210, -442
1738653298.1928718, -213, -439
1738653298.1997623, -216, -438
1738653298.20526, -218, -434
1738653298.2114832, -221, -431
1738653298.217956, -224, -432
1738653298.2306924, -226, -436
1738653298.2372584, -232, -440
1738653298.2427974, -234, -441
1738653298.2496607, -238, -441
1738653298.2548864, -240, -438
1738653298.261494, -243, -432
1738653298.2679782, -245, -429
1738653298.274391, -248, -431
1738653298.2806168, -250, -433
1738653298.2872462, -253, -435
1738653298.2928095, -256, -441
1738653298.299468, -260, -441
1738653298.304727, -261, -441
1738653298.3109531, -264, -435
1738653298.317738, -266, -435
1738653298.3240318, -270, -429
1738653298.3305008, -272, -434
1738653298.336808, -275, -434
1738653298.3424776, -278, -440
1738653298.349249, -280, -439
1738653298.3546126, -283, -441
1738653298.3608267, -286, -442
1738653298.3675947, -288, -436
1738653298.3727553, -291, -434
1738653298.380254, -294, -436
1738653298.3857727, -297, -430
1738653298.39195, -300, -437
1738653298.3984578, -302, -442
1738653298.4040549, -305, -442
1738653298.4104526, -308, -442
1738653298.4163446, -310, -440
1738653298.4223115, -312, -435
1738653298.4300048, -316, -433
1738653298.435533, -319, -433
1738653298.441827, -322, -436
1738653298.4483664, -324, -438
1738653298.4540105, -326, -441
1738653298.4603944, -330, -441
1738653298.466293, -332, -438
1738653298.4725058, -334, -439
1738653298.479897, -338, -432
1738653298.4854016, -340, -430
1738653298.4915698, -343, -433
1738653298.498079, -346, -437
1738653298.5035973, -348, -436
1738653298.509947, -351, -442
1738653298.5154846, -354, -439
1738653298.521724, -356, -438
1738653298.5293715, -359, -437
1738653298.5346735, -362, -432
1738653298.5408766, -365, -430
1738653298.5476496, -367, -432
1738653298.5527978, -370, -435
1738653298.5601847, -373, -436
1738653298.565664, -376, -441
1738653298.5718436, -378, -440
1738653298.5794234, -381, -441
