1738653300.6020412, 0, 0
1738653300.6093705, 0, 0
1738653300.6156495, 0, -6
1738653300.6220367, -1, -30
1738653300.6341417, -2, -14
1738653300.6417978, -3, -101
1738653300.6485353, -4, -126
1738653300.6541836, -5, -120
1738653300.6605406, -6, -133
1738653300.6681595, -8, -191
1738653300.6737068, -9, -217
1738653300.6800177, -10, -213
1738653300.685575, -12, -220
1738653300.6920588, -14, -242
1738653300.6985598, -15, -261
1738653300.7042181, -17, -277
1738653300.7104483, -19, -295
1738653300.718055, -22, -299
1738653300.7235856, -24, -313
1738653300.7299113, -26, -327
1738653300.7354922, -28, -335
1738653300.741781, -30, -349
1738653300.748495, -32, -362
1738653300.7541046, -34, -369
1738653300.7603498, -36, -374
1738653300.7680402, -39, -378
1738653300.7736025, -42, -386
1738653300.779907, -44, -396
1738653300.7854803, -47, -402
1738653300.7917416, -50, -412
1738653300.7982996, -52, -421
1738653300.8039849, -54, -423
1738653300.8103817, -57, -423
1738653300.817968, -60, -426
1738653300.8234696, -63, -427
1738653300.8298748, -66, -435
1738653300.8354764, -68, -443
1738653300.8418043, -72, -447
1738653300.8483777, -74, -453
1738653300.8540456, -77, -457
1738653300.8603113, -80, -459
1738653300.867864, -82, -458
1738653300.8733723, -86, -460
1738653300.8797517, -89, -459
1738653300.8852746, -92, -464
1738653300.8915355, -94, -469
1738653300.8982036, -98, -479
1738653300.9038801, -100, -475
1738653300.9102364, -103, -478
1738653300.9176917, -106, -474
1738653300.9229329, -110, -475
1738653300.9297812, -112, -474
1738653300.9352834, -116, -480
1738653300.9415061, -118, -483
1738653300.948078, -122, -492
1738653300.9536445, -124, -490
1738653300.9599402, -127, -491
1738653300.9655015, -130, -487
1738653300.9726124, -133, -483
1738653300.9793808, -137, -486
1738653300.9847302, -139, -485
1738653300.9913564, -143, -492
1738653300.9979057, -145, -497
1738653301.0033898, -149, -497
1738653301.009766, -152, -497
1738653301.01531, -155, -491
1738653301.0224917, -158, -487
1738653301.0339165, -160, -489
1738653301.0418608, -168, -499
1738653301.0486567, -170, -500
1738653301.0543597, -174, -501
1738653301.060773, -178, -496
1738653301.0677102, -180, -494
1738653301.0742078, -184, -491
1738653301.080423, -186, -495
1738653301.094707, -194, -504
1738653301.100935, -198, -502
1738653301.107814, -200, -503
1738653301.1185122, -206, -492
1738653301.1342773, -212, -501
1738653301.147377, -220, -507
1738653301.1606, -226, -497
1738653301.1728292, -232, -498
1738653301.1857967, -238, -502
1738653301.1985407, -245, -508
1738653301.2139425, -253, -499
1738653301.2268267, -260, -502
1738653301.2888613, -285, -509
1738653301.3116672, -298, -504
1738653301.3333826, -312, -508
1738653301.3513172, -322, -508
1738653301.3644114, -329, -504
1738653301.388083, -338, -513
1738653301.4014883, -346, -511
1738653301.412629, -353, -507
1738653301.4409814, -364, -510
1738653301.4502413, -374, -502
1738653301.4557855, -376, -502
1738653301.4622846, -380, -503
1738653301.4688907, -382, -510
1738653301.4745696, -386, -512
1738653301.4808047, -390, -514
1738653301.4883728, -393, -508
1738653301.4940372, -396, -506
1738653301.5003407, -399, -503
1738653301.506219, -402, -501
1738653301.5121248, -405, -506
1738653301.5187, -408, -510
1738653301.524395, -411, -513
1738653301.5307994, -415, -511
1738653301.5383658, -418, -510
1738653301.544034, -421, -505
1738653301.5504298, -424, -505
1738653301.5578747, -428, -505
1738653301.563394, -432, -509
1738653301.5697746, -434, -515
1738653301.5752954, -438, -513
1738653301.581539, -441, -510
1738653301.5906515, -444, -505
