1738653303.6123123, 0, 0
1738653303.6198614, 0, 0
1738653303.6253693, 0, -5
1738653303.631869, -1, -25
1738653303.6385374, -2, -13
1738653303.6441884, -2, -13
1738653303.6503735, -3, -121
1738653303.6562874, -4, -123
1738653303.6621294, -5, -160
1738653303.6697586, -7, -190
1738653303.6752412, -8, -175
1738653303.6814647, -10, -215
1738653303.6881423, -12, -242
1738653303.6936772, -13, -262
1738653303.699934, -15, -283
1738653303.705462, -17, -294
1738653303.711676, -19, -303
1738653303.7188694, -22, -323
1738653303.724555, -23, -336
1738653303.7307765, -26, -350
1738653303.737572, -28, -365
1738653303.7427351, -30, -385
1738653303.7496092, -33, -397
1738653303.7548847, -36, -401
1738653303.761316, -38, -408
1738653303.768731, -40, -419
1738653303.774491, -43, -421
1738653303.7807097, -46, -434
1738653303.7872539, -49, -446
1738653303.7927053, -52, -459
1738653303.799402, -56, -469
1738653303.804699, -58, -475
1738653303.8112981, -61, -479
1738653303.8184297, -63, -480
1738653303.8321316, -71, -494
1738653303.8438556, -76, -501
1738653303.8516026, -82, -514
1738653303.8581939, -84, -520
1738653303.8638086, -88, -519
1738653303.871269, -92, -518
1738653303.8777807, -94, -524
1738653303.882927, -98, -527
1738653303.8895657, -102, -535
1738653303.894855, -104, -542
1738653303.9014254, -108, -542
1738653303.9079077, -111, -541
1738653303.9133785, -114, -538
1738653303.9205575, -118, -543
1738653303.926939, -121, -545
1738653303.9326804, -124, -553
1738653303.9393618, -129, -557
1738653303.9446554, -131, -557
1738653303.950862, -136, -555
1738653303.9576313, -138, -552
1738653303.962788, -141, -551
1738653303.9694529, -146, -556
1738653303.9757411, -149, -563
1738653303.9819667, -152, -569
1738653303.9886782, -156, -565
1738653303.9943857, -159, -564
1738653304.0005965, -162, -559
1738653304.0069442, -166, -564
1738653304.0125635, -170, -568
1738653304.018916, -174, -572
1738653304.0255635, -178, -575
1738653304.031997, -181, -572
1738653304.038504, -184, -566
1738653304.044125, -188, -565
1738653304.0504894, -191, -569
1738653304.056785, -194, -572
1738653304.062416, -198, -580
1738653304.068759, -202, -579
1738653304.0754836, -206, -577
1738653304.0817285, -210, -572
1738653304.0882401, -213, -570
1738653304.093821, -216, -570
1738653304.1000519, -220, -579
1738653304.105616, -223, -580
1738653304.1129167, -228, -579
1738653304.1195998, -232, -577
1738653304.1263003, -235, -573
1738653304.1321409, -238, -573
1738653304.138669, -242, -577
1738653304.144372, -245, -581
1738653304.1505752, -249, -582
1738653304.1569018, -252, -580
1738653304.1626627, -256, -576
1738653304.1695619, -260, -573
1738653304.1758182, -264, -576
1738653304.1821167, -267, -580
1738653304.1886415, -271, -585
1738653304.194324, -274, -582
1738653304.200578, -278, -578
1738653304.2069006, -281, -575
1738653304.2125313, -284, -574
1738653304.218833, -289, -576
1738653304.225524, -292, -578
1738653304.2319605, -296, -584
1738653304.242634, -300, -583
1738653304.2505116, -306, -573
1738653304.2568684, -310, -579
1738653304.2626526, -314, -579
1738653304.2695293, -318, -584
1738653304.275811, -320, -585
1738653304.282089, -325, -583
1738653304.2887664, -328, -577
1738653304.2944248, -332, -578
1738653304.3007464, -336, -575
1738653304.307287, -339, -579
1738653304.3126702, -343, -587
1738653304.3193605, -348, -585
1738653304.3256686, -350, -582
1738653304.3318713, -354, -577
1738653304.338394, -358, -579
1738653304.3441114, -361, -581
1738653304.3898199, -380, -580
1738653304.4104066, -398, -579
1738653304.428216, -408, -582
1738653304.4434588, -418, -588
1738653304.4554062, -426, -578
1738653304.472601, -435, -587
1738653304.490718, -445, -584
1738653304.504023, -454, -579
1738653304.5227902, -465, -587
1738653304.5363169, -473, -577
1738653304.542542, -476, -579
1738653304.5494978, -482, -580
1738653304.5548031, -484, -587
1738653304.5618825, -488, -586
1738653304.5683992, -492, -586
1738653304.5740464, -496, -582
1738653304.581315, -499, -576
1738653304.5880125, -502, -577
1738653304.5934951, -507, -579
1738653304.5998797, -510, -586
