1738653282.4319522, 0, 0
1738653282.4386125, 0, 0
1738653282.4452767, 0, 0
1738653282.4517295, 0, 0
1738653282.4582283, 0, 0
1738653282.4637442, 0, 0
1738653282.4699717, 0, 0
1738653282.4754431, 0, 0
1738653282.48173, 0, 0
1738653282.4882553, 0, 0
1738653282.4946346, 0, -22
1738653282.5008526, -1, -22
1738653282.5077655, -1, -22
1738653282.5129347, -1, -22
1738653282.5196223, -1, -22
1738653282.5248938, -1, -22
1738653282.5313168, -1, -22
1738653282.5378594, -1, -22
1738653282.544204, -1, -11
1738653282.5504174, -2, -20
1738653282.5579872, -2, -19
1738653282.5635648, -3, -30
1738653282.5700428, -3, -30
1738653282.5755684, -3, -30
1738653282.590145, -4, -51
1738653282.5977414, -4, -55
1738653282.602956, -5, -60
1738653282.6098652, -5, -60
1738653282.6154437, -5, -42
1738653282.621655, -6, -68
1738653282.628307, -6, -59
1738653282.6339529, -7, -77
1738653282.640207, -7, -77
1738653282.647696, -7, -47
1738653282.652864, -8, -75
1738653282.6595337, -8, -65
1738653282.6648629, -9, -65
1738653282.6713085, -9, -65
1738653282.6778708, -9, -68
1738653282.6833546, -10, -69
1738653282.6898923, -10, -79
1738653282.6972787, -11, -79
1738653282.7026513, -11, -79
1738653282.709378, -11, -61
1738653282.714675, -12, -70
1738653282.7208986, -13, -69
1738653282.7276616, -13, -69
1738653282.7328706, -13, -69
1738653282.7397373, -14, -68
1738653282.745223, -14, -69
1738653282.752556, -15, -68
1738653282.7588968, -15, -68
1738653282.7645442, -15, -70
1738653282.770758, -16, -71
1738653282.7772949, -16, -71
1738653282.782711, -17, -71
1738653282.7894049, -17, -71
1738653282.794682, -17, -71
1738653282.8017826, -18, -72
1738653282.8085396, -19, -72
1738653282.81424, -19, -72
1738653282.820452, -19, -71
1738653282.826723, -20, -71
1738653282.8323193, -21, -71
1738653282.8387017, -21, -71
1738653282.8444068, -21, -71
1738653282.8515575, -22, -70
1738653282.8580604, -22, -68
1738653282.8635862, -23, -70
1738653282.87007, -23, -70
1738653282.8756065, -23, -72
1738653282.8818407, -24, -76
1738653282.888388, -25, -77
1738653282.8940494, -25, -77
1738653282.9012697, -25, -67
1738653282.9078076, -26, -67
1738653282.9132118, -27, -88
1738653282.9196491, -27, -88
1738653282.9249296, -27, -79
1738653282.9315336, -28, -80
1738653282.938059, -28, -77
1738653282.9435983, -29, -77
1738653282.950724, -29, -78
1738653282.957336, -30, -78
1738653282.9626784, -30, -81
1738653282.9694188, -31, -81
1738653282.974691, -31, -83
1738653282.9879506, -32, -93
1738653282.9935994, -33, -93
1738653283.0012364, -33, -72
1738653283.0079176, -34, -91
1738653283.0134082, -35, -99
1738653283.0197418, -35, -99
1738653283.0252619, -35, -99
1738653283.0314903, -36, -89
1738653283.0380168, -36, -76
1738653283.0435655, -37, -76
1738653283.0500588, -37, -76
1738653283.057599, -37, -74
1738653283.0627708, -38, -75
1738653283.0694513, -39, -74
1738653283.0747416, -39, -74
1738653283.08095, -39, -79
1738653283.0876827, -40, -78
1738653283.0928583, -41, -79
1738653283.0995505, -41, -79
1738653283.1062043, -41, -75
1738653283.112485, -42, -77
1738653283.1188567, -43, -76
1738653283.1245198, -43, -76
1738653283.1308804, -43, -76
1738653283.1376548, -43, -73
1738653283.1428962, -44, -74
1738653283.151301, -45, -73
1738653283.1595001, -45, -76
1738653283.1647854, -46, -77
1738653283.1714315, -47, -76
1738653283.1783211, -47, -76
1738653283.1839771, -47, -76
1738653283.1902232, -48, -78
1738653283.1957893, -48, -79
1738653283.202013, -49, -79
1738653283.2096636, -49, -79
1738653283.2149427, -50, -78
1738653283.2213564, -51, -80
1738653283.2280872, -51, -80
1738653283.2336822, -51, -80
1738653283.2399788, -52, -81
1738653283.245521, -52, -78
1738653283.2517855, -53, -79
1738653283.2596204, -53, -79
1738653283.2649248, -54, -81
1738653283.271358, -55, -80
1738653283.2778425, -55, -80
1738653283.2832625, -55, -80
1738653283.2898836, -56, -80
1738653283.2954452, -56, -80
1738653283.3016553, -57, -80
1738653283.3089502, -57, -79
1738653283.3145852, -58, -80
1738653283.3208447, -59, -77
1738653283.3275917, -59, -77
1738653283.3327746, -59, -77
1738653283.3394675, -60, -77
1738653283.3448825, -60, -88
1738653283.3515487, -61, -89
1738653283.3588495, -61, -89
1738653283.3645408, -61, -91
1738653283.3707457, -62, -78
1738653283.3773866, -63, -76
1738653283.3898015, -63, -69
1738653283.395294, -64, -86
1738653283.4016638, -65, -88
1738653283.4095504, -65, -88
