1738653336.055571, 0, 0
1738653336.062101, 0, 0
1738653336.0688176, 0, 0
1738653336.074544, 0, 0
1738653336.0808103, 1, 2
1738653336.0887175, 1, 14
1738653336.0944989, 2, 32
1738653336.100836, 2, 32
1738653336.1076992, 3, 17
1738653336.1181622, 4, 110
1738653336.123926, 6, 122
1738653336.1303022, 6, 147
1738653336.1418371, 9, 176
1738653336.1556501, 12, 197
1738653336.1704516, 14, 219
1738653336.1843274, 18, 240
1738653336.1994298, 21, 253
1738653336.2106264, 25, 273
1738653336.2246244, 29, 292
1738653336.2381985, 33, 299
1738653336.253467, 38, 303
1738653336.261481, 40, 309
1738653336.2698638, 43, 312
1738653336.2755604, 46, 315
1738653336.282123, 48, 320
1738653336.2893806, 50, 327
1738653336.294832, 52, 329
1738653336.3103452, 56, 338
1738653336.3225536, 60, 340
1738653336.3387291, 66, 339
1738653336.344541, 68, 344
1738653336.3512785, 72, 343
1738653336.3587909, 74, 348
1738653336.3678365, 76, 352
1738653336.3734605, 79, 352
1738653336.3800218, 82, 355
1738653336.3869658, 84, 354
1738653336.392863, 86, 355
1738653336.3996465, 88, 351
1738653336.4053166, 90, 349
1738653336.4126217, 92, 353
1738653336.419663, 96, 355
1738653336.4252853, 98, 360
1738653336.431623, 100, 361
1738653336.4382575, 102, 362
1738653336.444034, 104, 364
1738653336.4505618, 106, 362
1738653336.4572797, 108, 359
1738653336.464013, 112, 357
1738653336.4703546, 114, 356
1738653336.4768538, 116, 357
1738653336.482629, 118, 358
1738653336.4894557, 121, 358
1738653336.4948773, 122, 363
1738653336.5014653, 125, 364
1738653336.508313, 128, 369
1738653336.5149176, 130, 369
1738653336.5215435, 132, 365
1738653336.5281875, 134, 361
1738653336.534024, 137, 364
1738653336.5403879, 139, 362
1738653336.5468125, 141, 361
1738653336.5527587, 144, 362
1738653336.5602589, 146, 368
1738653336.5681148, 149, 369
1738653336.5738173, 152, 371
1738653336.5801954, 154, 371
1738653336.585817, 156, 368
1738653336.592376, 158, 365
1738653336.598869, 160, 366
1738653336.6046538, 162, 362
1738653336.611818, 166, 363
1738653336.6185582, 168, 362
1738653336.6244187, 170, 371
1738653336.6309779, 173, 373
1738653336.6378367, 174, 367
1738653336.6434884, 177, 369
1738653336.6499965, 180, 368
1738653336.655683, 182, 369
1738653336.6629798, 184, 365
1738653336.6698515, 187, 364
1738653336.675526, 189, 364
1738653336.6820862, 191, 362
1738653336.6889055, 193, 369
1738653336.694684, 196, 369
1738653336.7012758, 198, 370
1738653336.7078927, 200, 369
1738653336.714482, 203, 368
1738653336.720821, 206, 369
1738653336.7277236, 208, 366
1738653336.7397654, 212, 367
1738653336.7454207, 215, 370
1738653336.7520087, 217, 373
1738653336.7587836, 219, 370
1738653336.765608, 222, 371
1738653336.7720258, 224, 373
1738653336.7787144, 226, 370
1738653336.784513, 229, 370
1738653336.7908173, 232, 367
1738653336.7976873, 233, 364
1738653336.8032463, 236, 367
1738653336.8100462, 238, 368
1738653336.8177032, 240, 369
1738653336.8232079, 244, 370
1738653336.829954, 246, 374
1738653336.8356447, 248, 376
1738653336.842007, 250, 375
1738653336.8487253, 252, 370
1738653336.854485, 255, 367
1738653336.860825, 258, 364
1738653336.8686712, 260, 368
1738653336.8744962, 262, 370
1738653336.8808317, 265, 369
1738653336.8877141, 266, 371
1738653336.8933372, 270, 374
1738653336.8998582, 272, 376
1738653336.905544, 274, 374
1738653336.911926, 276, 368
1738653336.9196815, 279, 369
1738653336.9253604, 282, 368
1738653336.9318416, 284, 368
1738653336.9387155, 286, 367
1738653336.9445543, 288, 367
1738653336.950901, 291, 373
1738653336.9578366, 292, 373
1738653336.9634366, 296, 380
1738653336.970617, 298, 375
1738653336.977351, 300, 371
1738653336.982841, 302, 370
1738653336.9898126, 305, 370
1738653336.9955018, 308, 367
1738653337.0018816, 310, 367
1738653337.0085552, 312, 367
1738653337.014391, 314, 372
1738653337.0217743, 317, 374
1738653337.0284572, 320, 380
1738653337.034222, 322, 375
1738653337.0405493, 324, 372
1738653337.047309, 326, 370
