1738653330.0393488, 0, 0
1738653330.0447538, 0, 0
1738653330.0514114, 0, 0
1738653330.0581348, 0, 2
1738653330.0638685, 0, 2
1738653330.070241, 0, 2
1738653330.0777793, 0, 2
1738653330.0833533, 1, 6
1738653330.0900898, 1, 31
1738653330.0957372, 2, 50
1738653330.1021154, 2, 50
1738653330.1087325, 3, 86
1738653330.12799, 5, 94
1738653330.1414266, 6, 119
1738653330.148339, 8, 126
1738653330.1541007, 9, 135
1738653330.1604834, 10, 141
1738653330.1669552, 10, 145
1738653330.1727004, 12, 151
1738653330.1802986, 13, 158
1738653330.1863368, 14, 157
1738653330.1925583, 15, 164
1738653330.199414, 16, 167
1738653330.204823, 17, 170
1738653330.2115772, 18, 174
1738653330.2181993, 20, 175
1738653330.2246556, 20, 175
1738653330.2312727, 22, 183
1738653330.237959, 23, 186
1738653330.2436426, 24, 190
1738653330.2502916, 26, 192
1738653330.2567034, 26, 193
1738653330.2625058, 28, 195
1738653330.2694397, 30, 198
1738653330.2762456, 30, 199
1738653330.2824597, 32, 199
1738653330.2889245, 34, 200
1738653330.2947035, 34, 200
1738653330.301281, 36, 199
1738653330.3079076, 36, 201
1738653330.3188093, 38, 201
1738653330.3279157, 40, 204
1738653330.333649, 42, 205
1738653330.3402977, 44, 206
1738653330.3467097, 45, 208
1738653330.3526845, 46, 208
1738653330.3594923, 48, 210
1738653330.3649356, 49, 211
1738653330.3715432, 50, 213
1738653330.3793771, 52, 213
1738653330.3848166, 53, 214
1738653330.3915706, 55, 214
1738653330.398225, 56, 215
1738653330.4039876, 58, 214
1738653330.41036, 58, 214
1738653330.4168012, 60, 213
1738653330.4226077, 61, 213
1738653330.4302719, 63, 214
1738653330.4363208, 64, 214
1738653330.442547, 66, 214
1738653330.449536, 67, 216
1738653330.4549437, 68, 218
1738653330.4615476, 70, 217
1738653330.4681833, 71, 221
1738653330.4739478, 72, 221
1738653330.4813128, 74, 219
1738653330.487971, 76, 222
1738653330.493682, 77, 220
1738653330.5001, 78, 221
1738653330.5057218, 80, 222
1738653330.5124497, 81, 219
1738653330.5189304, 82, 219
1738653330.5247045, 84, 218
1738653330.5322511, 85, 217
1738653330.5387833, 86, 219
1738653330.5445666, 88, 217
1738653330.5509562, 90, 218
1738653330.5584497, 91, 219
1738653330.5642083, 92, 218
1738653330.5706916, 94, 222
1738653330.5775871, 95, 221
1738653330.5841808, 97, 222
1738653330.5922687, 98, 223
1738653330.5987766, 100, 222
1738653330.6045818, 101, 223
1738653330.610948, 103, 222
1738653330.617814, 104, 222
1738653330.6234179, 106, 221
1738653330.6300845, 107, 220
1738653330.6379685, 108, 219
1738653330.6437035, 110, 218
1738653330.650185, 112, 219
1738653330.6558118, 112, 220
1738653330.6623106, 114, 219
1738653330.6688864, 116, 222
1738653330.6746662, 116, 219
1738653330.682019, 118, 222
1738653330.6888373, 120, 223
1738653330.6946297, 121, 223
1738653330.701261, 123, 225
1738653330.7078855, 124, 225
1738653330.7185311, 126, 224
1738653330.7267892, 128, 222
1738653330.7340903, 130, 221
1738653330.7406137, 132, 220
1738653330.747307, 132, 219
1738653330.7533834, 134, 218
1738653330.7599275, 136, 219
1738653330.7655807, 137, 220
1738653330.7722595, 138, 221
1738653330.7787917, 140, 222
1738653330.785621, 142, 222
1738653330.7920005, 143, 223
1738653330.798632, 144, 225
1738653330.8044496, 146, 225
1738653330.8109376, 148, 225
1738653330.8178184, 148, 223
1738653330.8234262, 150, 224
1738653330.8299322, 152, 224
1738653330.8372655, 153, 223
1738653330.8427732, 154, 222
1738653330.8496282, 156, 221
1738653330.8552995, 157, 220
1738653330.8616579, 158, 219
1738653330.8685076, 160, 221
1738653330.8742883, 161, 220
1738653330.8806286, 162, 221
1738653330.8883898, 164, 221
1738653330.8941677, 166, 223
1738653330.9006789, 167, 226
1738653330.9075992, 168, 228
1738653330.9129224, 170, 227
1738653330.919738, 172, 226
1738653330.9253743, 173, 225
1738653330.931863, 174, 225
1738653330.9397063, 176, 225
1738653330.945355, 178, 223
1738653330.9516773, 178, 223
1738653330.9583383, 180, 221
1738653330.964131, 182, 219
1738653330.970469, 182, 223
1738653330.9769027, 184, 221
1738653330.98268, 186, 221
1738653330.9904244, 187, 222
1738653330.9969113, 188, 222
1738653331.0026777, 190, 223
1738653331.0095184, 192, 227
1738653331.0149255, 193, 226
1738653331.0215278, 194, 227
1738653331.0284123, 196, 227
