1738653333.047997, 0, 0
1738653333.0536504, 0, 0
1738653333.0601387, 0, 0
1738653333.0656867, 0, 0
1738653333.0720239, 1, 2
1738653333.0786293, 1, 6
1738653333.085448, 2, 32
1738653333.0920255, 2, 32
1738653333.0987804, 3, 87
1738653333.1045878, 4, 99
1738653333.1148384, 5, 101
1738653333.1268065, 6, 130
1738653333.1381958, 8, 144
1738653333.1439173, 10, 159
1738653333.1506011, 10, 171
1738653333.15799, 12, 177
1738653333.1636713, 13, 184
1738653333.1701207, 14, 195
1738653333.175756, 16, 197
1738653333.1820946, 17, 202
1738653333.189881, 19, 209
1738653333.1955323, 20, 213
1738653333.2019289, 22, 222
1738653333.2087018, 23, 227
1738653333.2145095, 24, 234
1738653333.220835, 26, 237
1738653333.2279055, 27, 242
1738653333.2335792, 29, 244
1738653333.2407715, 31, 249
1738653333.2476327, 32, 253
1738653333.2529197, 34, 253
1738653333.259694, 36, 255
1738653333.2653084, 38, 256
1738653333.2717936, 39, 258
1738653333.2784636, 40, 261
1738653333.2842185, 42, 263
1738653333.2915847, 44, 263
1738653333.2981834, 46, 267
1738653333.3038976, 48, 271
1738653333.3102546, 49, 275
1738653333.316266, 51, 276
1738653333.322388, 52, 277
1738653333.329255, 54, 277
1738653333.3347285, 56, 279
1738653333.3420851, 58, 278
1738653333.3486912, 60, 277
1738653333.3544784, 62, 277
1738653333.360975, 64, 276
1738653333.3678324, 65, 280
1738653333.3734305, 67, 282
1738653333.3798983, 69, 284
1738653333.3855414, 70, 283
1738653333.392893, 73, 288
1738653333.3997016, 75, 287
1738653333.405319, 76, 290
1738653333.4116254, 78, 290
1738653333.4182622, 80, 291
1738653333.4240282, 82, 288
1738653333.4303663, 84, 284
1738653333.4367998, 85, 284
1738653333.4438066, 88, 285
1738653333.4503288, 89, 286
1738653333.4563348, 91, 286
1738653333.462479, 92, 289
1738653333.468898, 95, 289
1738653333.47465, 96, 292
1738653333.4812343, 98, 293
1738653333.4880526, 100, 296
1738653333.4946282, 102, 295
1738653333.5009818, 104, 295
1738653333.5079758, 106, 291
1738653333.5136707, 108, 288
1738653333.5201054, 110, 288
1738653333.5324616, 113, 289
1738653333.539404, 115, 292
1738653333.545841, 117, 293
1738653333.5525591, 119, 292
1738653333.5601804, 121, 296
1738653333.5657961, 123, 295
1738653333.5724807, 125, 298
1738653333.5789127, 127, 294
1738653333.5846756, 128, 294
1738653333.5920484, 130, 290
1738653333.5987, 132, 293
1738653333.604501, 134, 290
1738653333.6108065, 136, 289
1738653333.6178188, 138, 289
1738653333.623429, 140, 291
1738653333.6300936, 142, 292
1738653333.6358023, 144, 295
1738653333.6434402, 145, 294
1738653333.6499581, 148, 299
1738653333.6555817, 150, 297
1738653333.6619523, 151, 296
1738653333.6685812, 153, 295
1738653333.674389, 154, 291
1738653333.6806855, 156, 292
1738653333.687309, 158, 289
1738653333.6942105, 160, 291
1738653333.7005556, 162, 291
1738653333.7072682, 164, 291
1738653333.7127566, 166, 293
1738653333.7195582, 168, 294
1738653333.7249753, 170, 297
1738653333.7315457, 172, 297
1738653333.7381675, 174, 295
1738653333.7445989, 175, 296
1738653333.7514148, 178, 295
1738653333.758032, 180, 293
1738653333.7636704, 181, 294
1738653333.7700324, 183, 291
1738653333.7756677, 184, 289
1738653333.7820008, 186, 294
1738653333.7886274, 188, 295
1738653333.7954268, 190, 294
1738653333.8017433, 192, 297
1738653333.808534, 194, 298
1738653333.8142858, 196, 299
1738653333.8206413, 198, 299
1738653333.8273234, 200, 299
1738653333.8327823, 202, 297
1738653333.8396115, 204, 296
1738653333.8467996, 206, 294
1738653333.852594, 207, 294
1738653333.8594031, 210, 295
1738653333.8647852, 211, 294
1738653333.871493, 213, 295
1738653333.8783343, 215, 296
1738653333.8841143, 217, 298
1738653333.8904297, 218, 299
1738653333.8980153, 220, 301
1738653333.9036684, 223, 298
1738653333.9101114, 224, 300
1738653333.9156911, 226, 298
1738653333.9220445, 228, 296
1738653333.9347346, 232, 292
1738653333.941445, 234, 295
1738653333.9489655, 236, 295
1738653333.954719, 238, 296
1738653333.9614346, 240, 298
1738653333.9680624, 242, 299
1738653333.973736, 244, 301
1738653333.9801166, 246, 301
1738653333.9857533, 247, 299
1738653333.9923956, 249, 299
1738653333.9998507, 252, 297
1738653334.0055356, 253, 297
1738653334.0120919, 255, 292
1738653334.0186963, 257, 295
1738653334.0245476, 258, 296
1738653334.0308816, 261, 296
1738653334.0377252, 262, 297
