1738653294.5518794, 0, 0
1738653294.5668375, 0, 0
1738653294.5781848, 0, -2
1738653294.6054254, -3, -99
1738653294.6402202, -9, -182
1738653294.6589413, -13, -207
1738653294.685226, -20, -249
1738653294.691671, -22, -256
1738653294.6981964, -24, -265
1738653294.7038577, -25, -270
1738653294.7101429, -27, -278
1738653294.7176428, -28, -280
1738653294.7228353, -30, -284
1738653294.7295253, -32, -289
1738653294.734804, -34, -289
1738653294.7414544, -36, -293
1738653294.7481444, -38, -300
1738653294.7538116, -40, -304
1738653294.7600713, -42, -310
1738653294.7675803, -44, -314
1738653294.7727532, -46, -316
1738653294.779473, -48, -320
1738653294.7847662, -50, -324
1738653294.791217, -52, -326
1738653294.79775, -54, -325
1738653294.8029232, -56, -325
1738653294.809823, -58, -328
1738653294.8169208, -60, -329
1738653294.8225658, -62, -332
1738653294.8289185, -65, -340
1738653294.8345654, -66, -341
1738653294.840838, -69, -343
1738653294.847609, -70, -343
1738653294.8527827, -72, -346
1738653294.8594708, -75, -348
1738653294.8657897, -76, -344
1738653294.8724573, -80, -345
1738653294.8787763, -82, -345
1738653294.8844507, -84, -345
1738653294.8906803, -86, -348
1738653294.8972895, -88, -352
1738653294.9027016, -90, -352
1738653294.9094255, -93, -356
1738653294.9157465, -94, -357
1738653294.92198, -97, -360
1738653294.928671, -99, -357
1738653294.934374, -102, -354
1738653294.9406202, -104, -354
1738653294.947244, -106, -352
1738653294.9526424, -108, -353
1738653294.959391, -110, -355
1738653294.9646947, -112, -356
1738653294.971915, -115, -360
1738653294.978421, -117, -363
1738653294.9840481, -119, -360
1738653294.990469, -122, -362
1738653294.996753, -124, -361
1738653295.0026016, -126, -359
1738653295.0092773, -128, -357
1738653295.0228422, -133, -357
1738653295.029753, -136, -360
1738653295.0352855, -138, -360
1738653295.041673, -140, -364
1738653295.0484936, -142, -364
1738653295.0541227, -144, -367
1738653295.0603437, -147, -363
1738653295.0658457, -149, -361
1738653295.0729506, -152, -359
1738653295.079676, -154, -357
1738653295.0878026, -156, -357
1738653295.0929708, -159, -359
1738653295.0996506, -161, -360
1738653295.1049135, -164, -367
1738653295.1240697, -169, -369
1738653295.137984, -174, -364
1738653295.1435828, -177, -360
1738653295.150186, -179, -359
1738653295.1556916, -182, -362
1738653295.161949, -184, -364
1738653295.169788, -186, -366
1738653295.1753585, -189, -367
1738653295.1815615, -191, -368
1738653295.1880558, -194, -371
1738653295.1936316, -196, -366
1738653295.199947, -198, -363
1738653295.2054977, -200, -361
1738653295.2117534, -202, -360
1738653295.2183359, -204, -359
1738653295.2247653, -206, -360
1738653295.2332304, -210, -363
1738653295.2397304, -212, -369
1738653295.2452571, -214, -371
1738653295.2528994, -216, -369
1738653295.2597742, -220, -366
1738653295.2652955, -222, -365
1738653295.2729433, -224, -362
1738653295.279639, -227, -361
1738653295.284927, -229, -364
1738653295.2915423, -231, -362
1738653295.2980518, -234, -364
1738653295.3036144, -236, -368
1738653295.3099482, -238, -371
1738653295.3155086, -240, -368
1738653295.3227725, -242, -368
1738653295.3294954, -245, -363
1738653295.334797, -246, -366
1738653295.3412876, -250, -360
1738653295.3479817, -251, -359
1738653295.3535821, -254, -361
1738653295.3599162, -256, -365
1738653295.3654907, -258, -364
1738653295.3727498, -260, -367
1738653295.3794625, -264, -367
1738653295.3847694, -265, -370
1738653295.3913722, -268, -366
1738653295.3979275, -269, -361
1738653295.4034257, -272, -361
1738653295.4099698, -274, -360
1738653295.420617, -278, -359
1738653295.429669, -282, -362
1738653295.434955, -284, -367
1738653295.4415975, -286, -370
1738653295.4483192, -288, -368
1738653295.4540372, -290, -363
1738653295.4602997, -292, -360
1738653295.4662323, -294, -361
1738653295.4724576, -297, -361
1738653295.4799137, -300, -357
1738653295.48551, -302, -360
1738653295.4917576, -304, -361
1738653295.498325, -306, -364
1738653295.5039864, -308, -366
1738653295.5102413, -310, -367
1738653295.515794, -313, -367
1738653295.522308, -315, -366
1738653295.529978, -318, -361
