1738653327.0209496, 0, 0
1738653327.0286772, 0, 0
1738653327.034397, 0, 0
1738653327.0408134, 0, 0
1738653327.047604, 0, 2
1738653327.0528982, 0, 2
1738653327.0596583, 0, 2
1738653327.0652685, 0, 2
1738653327.0715623, 0, 2
1738653327.0788486, 1, 6
1738653327.084676, 1, 14
1738653327.091393, 2, 42
1738653327.0979755, 2, 42
1738653327.108547, 2, 42
1738653327.1163402, 4, 81
1738653327.1226575, 4, 81
1738653327.1304545, 5, 92
1738653327.1369236, 6, 95
1738653327.1429293, 6, 95
1738653327.1515884, 7, 96
1738653327.1587307, 8, 99
1738653327.1645195, 8, 103
1738653327.1708503, 10, 108
1738653327.1781716, 10, 108
1738653327.184722, 11, 112
1738653327.1912663, 12, 115
1738653327.197965, 12, 115
1738653327.20364, 13, 119
1738653327.2101946, 14, 118
1738653327.2158127, 14, 122
1738653327.2223706, 16, 123
1738653327.2288842, 16, 123
1738653327.2356942, 17, 124
1738653327.2420416, 18, 127
1738653327.2487094, 19, 129
1738653327.2545018, 20, 127
1738653327.2608356, 20, 127
1738653327.267891, 21, 130
1738653327.2735968, 22, 130
1738653327.2800245, 23, 132
1738653327.2877347, 24, 135
1738653327.2932599, 25, 135
1738653327.2998264, 26, 136
1738653327.3054488, 26, 136
1738653327.3118136, 28, 138
1738653327.3185105, 28, 138
1738653327.3242817, 29, 141
1738653327.3308246, 30, 142
1738653327.3384528, 31, 141
1738653327.34421, 32, 143
1738653327.3505614, 33, 142
1738653327.357263, 34, 143
1738653327.3627503, 34, 142
1738653327.3695693, 36, 144
1738653327.374961, 36, 144
1738653327.3815415, 38, 142
1738653327.3894587, 38, 142
1738653327.3948715, 39, 143
1738653327.4016116, 40, 142
1738653327.4083254, 41, 142
1738653327.4140768, 42, 142
1738653327.420424, 43, 143
1738653327.4267993, 44, 141
1738653327.4337, 44, 144
1738653327.4401429, 46, 144
1738653327.4457479, 46, 144
1738653327.452405, 48, 147
1738653327.4588635, 48, 146
1738653327.464646, 49, 144
1738653327.4712508, 50, 145
1738653327.4778683, 51, 146
1738653327.484238, 52, 147
1738653327.4906218, 53, 147
1738653327.4973936, 54, 148
1738653327.5028784, 55, 148
1738653327.515825, 56, 149
1738653327.5225422, 58, 147
1738653327.5295913, 59, 146
1738653327.5367918, 60, 148
1738653327.5426981, 61, 149
1738653327.5495176, 62, 145
1738653327.55582, 63, 147
1738653327.5623791, 64, 145
1738653327.5693738, 64, 143
1738653327.5747833, 66, 145
1738653327.5813334, 66, 145
1738653327.5887463, 68, 143
1738653327.594515, 68, 147
1738653327.600797, 70, 147
1738653327.607696, 70, 146
1738653327.6132097, 71, 145
1738653327.619765, 72, 147
1738653327.6253746, 73, 146
1738653327.6318364, 74, 144
1738653327.639635, 75, 146
1738653327.645244, 76, 148
1738653327.6515827, 77, 149
1738653327.6583543, 78, 150
1738653327.6641066, 79, 150
1738653327.670432, 80, 149
1738653327.676852, 80, 149
1738653327.6826017, 82, 149
1738653327.690257, 82, 147
1738653327.69629, 84, 149
1738653327.7023993, 84, 149
1738653327.7088625, 85, 147
1738653327.7146196, 86, 147
1738653327.7209818, 88, 147
1738653327.7278323, 88, 145
1738653327.733429, 89, 144
1738653327.7406716, 90, 146
1738653327.7473729, 91, 148
1738653327.7529812, 92, 145
1738653327.7597747, 93, 148
1738653327.7654402, 94, 147
1738653327.7717977, 94, 147
1738653327.778443, 96, 148
1738653327.7841969, 96, 146
1738653327.7917483, 98, 145
1738653327.7984176, 98, 146
1738653327.8041399, 100, 147
1738653327.8105996, 100, 147
1738653327.8172987, 101, 147
1738653327.822765, 102, 147
1738653327.8296082, 103, 147
1738653327.835219, 104, 146
1738653327.8424513, 105, 146
1738653327.8488941, 106, 148
1738653327.8547065, 106, 145
1738653327.8612628, 108, 148
1738653327.8681064, 109, 147
1738653327.8737447, 110, 145
1738653327.8801417, 110, 145
1738653327.8857942, 112, 144
1738653327.8934085, 112, 144
1738653327.8999014, 114, 145
1738653327.9105783, 114, 145
1738653327.9187963, 116, 144
1738653327.9245834, 117, 145
1738653327.931467, 118, 144
1738653327.9382071, 119, 143
1738653327.9448078, 120, 146
1738653327.9513946, 121, 146
1738653327.9580214, 122, 146
1738653327.9636836, 123, 147
1738653327.9700847, 124, 148
1738653327.975742, 124, 148
1738653327.9820533, 126, 150
1738653327.9888043, 126, 150
1738653327.995536, 128, 148
1738653328.0019062, 128, 149
1738653328.0204804, 130, 148
