1738653351.099406, 0, 0
1738653351.104792, 1, 3
1738653351.1209817, 2, 75
1738653351.1348932, 4, 98
1738653351.1501865, 6, 184
1738653351.16412, 11, 253
1738653351.1829507, 18, 335
1738653351.19809, 24, 387
1738653351.2107964, 28, 414
1738653351.2247262, 35, 462
1738653351.2402108, 42, 498
1738653351.2494307, 49, 511
1738653351.2548585, 52, 522
1738653351.2614377, 56, 531
1738653351.2681985, 59, 544
1738653351.273963, 62, 553
1738653351.280306, 66, 574
1738653351.2868092, 70, 585
1738653351.3042707, 78, 596
1738653351.3149793, 86, 609
1738653351.322016, 92, 624
1738653351.3287976, 96, 632
1738653351.3345864, 99, 632
1738653351.3409767, 104, 638
1738653351.3485405, 107, 643
1738653351.3543754, 112, 653
1738653351.3607974, 118, 661
1738653351.3677154, 120, 665
1738653351.3732426, 126, 662
1738653351.3798177, 130, 662
1738653351.3855004, 134, 667
1738653351.3920484, 138, 679
1738653351.3998203, 142, 684
1738653351.405523, 147, 684
1738653351.4118989, 152, 681
1738653351.4186962, 156, 683
1738653351.4245555, 160, 692
1738653351.4309464, 166, 699
1738653351.4378004, 168, 698
1738653351.4433956, 174, 695
1738653351.4508026, 178, 699
1738653351.45771, 182, 700
1738653351.4629757, 188, 707
1738653351.4698384, 192, 708
1738653351.4755259, 196, 710
1738653351.4818966, 200, 706
1738653351.4885726, 205, 708
1738653351.4944248, 209, 712
1738653351.5017326, 215, 718
1738653351.5085497, 219, 718
1738653351.5143425, 224, 712
1738653351.5206892, 228, 716
1738653351.5275621, 232, 719
1738653351.532896, 238, 727
1738653351.5396574, 242, 725
1738653351.5452929, 246, 719
1738653351.5528095, 251, 717
1738653351.5603077, 257, 724
1738653351.566706, 261, 731
1738653351.580284, 270, 727
1738653351.5866904, 276, 723
1738653351.5926707, 280, 727
1738653351.5996947, 286, 735
1738653351.6069527, 290, 731
1738653351.6128228, 294, 727
1738653351.6196387, 300, 726
1738653351.6252387, 305, 734
1738653351.6317809, 310, 736
1738653351.6384726, 314, 733
1738653351.6442304, 318, 731
1738653351.6505651, 322, 730
1738653351.658191, 328, 733
1738653351.6639385, 333, 735
1738653351.6703424, 337, 740
1738653351.6767669, 342, 732
1738653351.6827228, 346, 730
1738653351.689696, 352, 737
1738653351.695373, 356, 739
1738653351.7016747, 361, 740
1738653351.7094817, 366, 731
1738653351.7148867, 370, 735
1738653351.7214546, 376, 736
1738653351.7280886, 380, 742
1738653351.7338228, 384, 741
1738653351.7402093, 389, 736
1738653351.7458274, 393, 734
1738653351.7536733, 398, 735
1738653351.760176, 404, 743
1738653351.7658167, 408, 742
1738653351.7724178, 412, 734
1738653351.7788835, 417, 735
1738653351.7846994, 421, 734
1738653351.7912827, 428, 743
1738653351.797906, 430, 744
1738653351.804393, 436, 741
1738653351.8109784, 442, 734
1738653351.8178809, 445, 734
1738653351.8235564, 451, 742
1738653351.8300488, 456, 741
1738653351.8356764, 460, 741
1738653351.8420222, 464, 735
1738653351.8487203, 468, 735
1738653351.855533, 473, 739
1738653351.8619251, 479, 742
1738653351.8686981, 484, 741
1738653351.8745232, 488, 735
1738653351.8808455, 494, 733
1738653351.887771, 496, 738
1738653351.8933847, 502, 744
1738653351.8998992, 507, 736
1738653351.9073625, 512, 735
1738653351.912874, 516, 735
1738653351.9196763, 522, 737
1738653351.925315, 526, 742
1738653351.9318118, 530, 741
1738653351.9386992, 535, 735
1738653351.9444945, 540, 732
1738653351.9534676, 546, 738
1738653351.9607308, 551, 739
1738653351.9676256, 556, 736
1738653351.980162, 564, 732
1738653351.9858367, 570, 738
1738653351.9926417, 575, 737
1738653351.9996433, 580, 736
1738653352.0052462, 585, 731
1738653352.012594, 590, 730
1738653352.01945, 596, 740
1738653352.0248692, 598, 739
1738653352.0314553, 604, 739
1738653352.0380585, 608, 730
1738653352.0437202, 613, 733
1738653352.0503168, 618, 739
1738653352.0567267, 622, 739
1738653352.063718, 628, 738
1738653352.0702934, 632, 735
1738653352.076725, 636, 733
1738653352.0825493, 641, 736
1738653352.0892692, 647, 742
