1738653345.0845017, 0, 0
1738653345.0913289, 0, 0
1738653345.0980196, 0, 0
1738653345.1036675, 0, 0
1738653345.110013, 1, 6
1738653345.1156569, 2, 35
1738653345.122014, 2, 18
1738653345.1297631, 4, 57
1738653345.1354396, 5, 159
1738653345.1418025, 6, 177
1738653345.1486673, 8, 192
1738653345.160382, 10, 252
1738653345.1687264, 14, 273
1738653345.1755223, 16, 291
1738653345.1822937, 18, 299
1738653345.1889346, 20, 313
1738653345.1947033, 22, 332
1738653345.2013154, 25, 346
1738653345.20814, 27, 360
1738653345.2138834, 30, 380
1738653345.2202694, 32, 394
1738653345.2279143, 34, 402
1738653345.2336044, 38, 413
1738653345.2400286, 40, 424
1738653345.2456565, 43, 430
1738653345.2520525, 46, 440
1738653345.2587306, 48, 444
1738653345.2645168, 52, 451
1738653345.270982, 55, 467
1738653345.2784576, 57, 478
1738653345.2842386, 61, 489
1738653345.2905707, 64, 487
1738653345.2972658, 67, 495
1738653345.3027506, 70, 498
1738653345.3096428, 74, 496
1738653345.3153162, 77, 506
1738653345.321674, 80, 511
1738653345.3294656, 84, 520
1738653345.3349051, 87, 527
1738653345.3416545, 91, 526
1738653345.3482935, 94, 527
1738653345.3540714, 97, 528
1738653345.3604035, 100, 536
1738653345.3667946, 104, 543
1738653345.3725955, 107, 547
1738653345.380241, 112, 550
1738653345.3862095, 115, 550
1738653345.392628, 118, 549
1738653345.3994393, 122, 546
1738653345.40488, 125, 554
1738653345.4114394, 130, 561
1738653345.4180684, 133, 567
1738653345.4237483, 136, 566
1738653345.430924, 140, 562
1738653345.4378133, 143, 560
1738653345.4434025, 148, 560
1738653345.450036, 151, 568
1738653345.4556727, 154, 572
1738653345.462029, 158, 576
1738653345.4688678, 161, 574
1738653345.4746504, 164, 569
1738653345.482043, 169, 568
1738653345.4886603, 172, 572
1738653345.4944992, 176, 576
1738653345.5008059, 181, 581
1738653345.5078146, 183, 583
1738653345.5134382, 188, 576
1738653345.5199091, 191, 573
1738653345.5255954, 194, 573
1738653345.5329614, 198, 583
1738653345.5397785, 203, 583
1738653345.545382, 206, 590
1738653345.551706, 210, 586
1738653345.5655758, 217, 577
1738653345.5723956, 222, 584
1738653345.579418, 225, 592
1738653345.5857165, 230, 591
1738653345.5924113, 234, 587
1738653345.5993786, 237, 582
1738653345.6047876, 240, 582
1738653345.6114368, 245, 586
1738653345.618043, 248, 591
1738653345.6237054, 252, 593
1738653345.630265, 256, 590
1738653345.6380236, 260, 587
1738653345.6436954, 264, 584
1738653345.6501014, 268, 582
1738653345.6557317, 271, 590
1738653345.6620927, 274, 592
1738653345.668734, 278, 593
1738653345.6745467, 282, 591
1738653345.6809015, 286, 583
1738653345.6887, 290, 583
1738653345.6944673, 294, 589
1738653345.7007916, 297, 593
1738653345.709411, 300, 594
1738653345.7148535, 305, 588
1738653345.7214575, 310, 584
1738653345.7287886, 313, 582
1738653345.7354956, 317, 586
1738653345.7418408, 322, 591
1738653345.7494419, 326, 596
1738653345.7549522, 330, 592
1738653345.7615588, 334, 586
1738653345.7681909, 337, 582
1738653345.7739177, 340, 584
1738653345.78025, 344, 590
1738653345.7878606, 348, 593
1738653345.7935855, 352, 593
1738653345.800019, 356, 585
1738653345.805674, 359, 588
1738653345.8122811, 363, 583
1738653345.8188066, 366, 588
1738653345.8245938, 370, 588
1738653345.8312144, 375, 593
1738653345.8386362, 378, 588
1738653345.8444388, 382, 586
1738653345.8507829, 385, 581
1738653345.8578029, 388, 586
1738653345.8634317, 394, 592
1738653345.8700964, 397, 594
1738653345.8757696, 400, 593
1738653345.88213, 404, 585
1738653345.8897, 408, 585
1738653345.8953514, 412, 584
1738653345.9016535, 416, 590
1738653345.908342, 420, 594
1738653345.914117, 423, 595
1738653345.9204364, 426, 588
1738653345.926809, 430, 587
1738653345.9327302, 434, 583
1738653345.940272, 438, 591
1738653345.9462519, 442, 593
1738653345.9524198, 446, 597
1738653345.9646432, 452, 588
1738653345.971388, 457, 588
1738653345.9781466, 460, 586
1738653345.983888, 464, 590
1738653345.9914508, 469, 595
1738653345.998104, 472, 595
1738653346.0038326, 476, 591
1738653346.0101957, 480, 585
1738653346.0158205, 483, 583
1738653346.022398, 487, 590
1738653346.0288537, 490, 595
1738653346.0346465, 494, 595
1738653346.0420897, 498, 589
1738653346.048885, 502, 586
1738653346.0547009, 506, 585
1738653346.0612886, 510, 587
1738653346.067935, 512, 595
1738653346.0736337, 518, 595
